1489881240 2746.26 303.69 0
1489882140 2976.54 406.26 0
1489883040 3488.38 989.50 0
1489883940 3761.90 810.50 0
1489884840 4013.30 532.96 0
1489885740 3720.67 489.72 0
1489886640 3881.56 516.87 0
1489887540 3905.70 449.50 0
1489888440 4424.58 479.66 0
1489889340 5241.12 631.51 0
1489890240 5873.63 738.10 0
1489891140 4111.84 499.78 0
1489892040 3592.96 513.85 0
1489892940 3598.99 526.93 0
1489893840 4333.07 514.86 0
1489894740 3879.55 506.82 0
1489895640 3629.16 583.24 0
1489896540 3844.36 511.84 0
1489897440 3951.96 444.47 0
1489898340 4037.43 466.59 0
1489899240 3442.12 530.95 0
1489900140 3761.90 422.35 0
1489901040 5778.10 508.83 0
1489901940 4489.94 552.07 0
1489902840 5362.79 538.99 0
1489903740 4273.74 477.65 0
1489904640 4282.79 454.53 0
1489905540 4052.54 501.79 0
1489906440 3854.41 639.55 0
1489907340 4042.46 845.70 0
1489908240 3873.52 903.02 0
1489909140 3797.09 803.46 0
1489910040 3672.40 671.73 0
1489910940 4468.83 557.09 0
1489911840 4132.96 764.25 0
1489912740 3882.57 945.25 0
1489913640 4476.87 1103.13 0
1489914540 4643.80 1106.15 0
1489915440 4750.39 759.22 0
1489916340 4745.36 844.69 0
1489917240 4546.26 878.88 0
1489918140 4339.11 886.93 0
1489919040 3942.91 1089.05 0
1489919940 3574.86 1260.00 0
1489920840 4182.23 1247.93 0
1489921740 4144.02 1130.28 0
1489922640 4047.52 798.44 0
1489923540 4028.38 657.65 0
1489924440 3991.17 804.47 0
1489925340 4446.70 739.11 0
1489926240 3580.89 837.65 0
1489927140 3684.47 713.97 0
1489928040 3362.68 3895.64 0
1489928940 3146.48 2061.45 0
1489929840 1963.91 756.20 0
1489930740 3864.47 754.19 0
1489931640 2486.82 812.51 0
1489932540 3517.54 810.50 0
1489933440 2343.02 785.36 0
1489934340 2657.77 858.77 0
1489935240 1843.24 924.13 0
1489936140 2599.44 782.35 0
1489937040 1728.60 806.48 0
1489937940 1620.00 747.15 0
1489938840 1704.47 810.50 0
1489939740 1630.08 813.53 0
1489940640 1787.93 818.55 0
1489941540 1886.48 754.19 0
1489942440 1808.04 866.82 0
1489943340 3652.29 1353.52 0
1489944240 4163.13 868.83 0
1489945140 3569.83 829.61 0
1489946040 4138.99 952.29 0
1489946940 4269.72 1008.60 0
1489947840 4420.56 948.27 0
1489948740 4065.59 1145.36 0
1489949640 4330.06 968.38 0
1489950540 5132.51 1007.60 0
1489951440 3352.63 1049.83 0
1489952340 3523.58 1146.37 0
1489953240 4082.68 949.27 0
1489954140 3357.65 1013.63 0
1489955040 2891.06 916.09 0
1489955940 2251.51 771.28 0
1489956840 2044.38 741.13 0
1489957740 2060.45 720.00 0
1489958640 1981.01 662.68 0
1489959540 1985.03 653.63 0
1489960440 1923.69 511.84 0
1489961340 1899.55 613.41 0
1489962240 1899.55 586.26 0
1489963140 1846.26 459.55 0
1489964040 1655.20 485.70 0
1489964940 1781.90 455.53 0
1489965840 1744.69 370.06 0
1489966740 1680.34 284.58 0
1489967640 1707.49 299.66 0
1489968540 1617.99 338.88 0
1489969440 2846.82 704.92 0
1489970340 2776.42 801.45 0
1489971240 2562.23 711.96 0
1489972140 2689.94 576.20 0
1489973040 2776.42 621.45 0
1489973940 2627.60 528.94 0
1489974840 2556.20 564.13 0
1489975740 3241.01 632.51 0
1489976640 3602.01 631.51 0
1489977540 3630.17 660.67 0
1489978440 3456.20 711.96 0
1489979340 2715.08 692.85 0
1489980240 3340.56 604.36 0
1489981140 2795.53 667.71 0
1489982040 3164.58 652.63 0
1489982940 3144.47 586.26 0
1489983840 3227.93 599.33 0
1489984740 3282.23 527.93 0
1489985640 2792.51 542.01 0
1489986540 3129.48 617.45 0
1489987440 3753.85 588.27 0
1489988340 3602.01 566.15 0
1489989240 3832.29 687.82 0
1489990140 3928.83 669.72 0
1489991040 3548.72 732.07 0
1489991940 3481.34 773.30 0
1489992840 3281.23 757.21 0
1489993740 3703.58 702.91 0
1489994640 3284.25 852.74 0
1489995540 3284.25 803.46 0
1489996440 3489.39 977.43 0
1489997340 3772.96 838.66 0
1489998240 3834.25 970.38 0
1489999140 3688.49 859.78 0
1490000040 3462.23 753.18 0
1490000940 3443.13 855.75 0
1490001840 3430.06 727.04 0
1490002740 3578.88 734.08 0
1490003640 3521.56 809.50 0
1490004540 3518.55 851.73 0
1490005440 3526.59 806.48 0
1490006340 3624.13 773.30 0
1490007240 3573.85 813.52 0
1490008140 3499.44 846.70 0
1490009040 3480.34 793.41 0
1490009940 3330.50 774.30 0
1490010840 3483.35 712.96 0
1490011740 3669.39 735.08 0
1490012640 3273.18 701.90 0
1490013540 2604.47 814.53 0
1490014440 2337.99 699.89 0
1490015340 2176.09 784.36 0
1490016240 1986.03 849.72 0
1490017140 1880.45 804.47 0
1490018040 2317.88 814.53 0
1490018940 2356.09 794.41 0
1490019840 1975.98 841.68 0
1490020740 2445.59 827.60 0
1490021640 3381.79 780.34 0
1490022540 1893.52 793.41 0
1490023440 2041.34 775.31 0
1490024340 1867.37 686.82 0
1490025240 1872.40 696.87 0
1490026140 1933.74 648.60 0
1490027040 1831.17 649.61 0
1490027940 1879.44 691.84 0
1490028840 1781.90 735.08 0
1490029740 1867.37 686.82 0
1490030640 1890.50 662.68 0
1490031540 1842.23 760.22 0
1490032440 1938.77 701.90 0
1490033340 1850.28 757.21 0
1490034240 2093.63 689.83 0
1490035140 2207.26 670.73 0
1490036040 2261.56 832.63 0
1490036940 2314.86 771.28 0
1490037840 2376.20 835.64 0
1490038740 2497.88 718.99 0
1490039640 2464.69 866.82 0
1490040540 2480.78 632.51 0
1490041440 2529.05 729.05 0
1490042340 3080.11 760.22 0
1490043240 2657.77 744.13 0
1490044140 2179.11 535.98 0
1490045040 2336.98 736.09 0
1490045940 2338.99 683.80 0
1490046840 2350.06 746.15 0
1490047740 2209.27 555.08 0
1490048640 1912.63 498.77 0
1490049540 2020.22 677.77 0
1490050440 2025.25 516.87 0
1490051340 2025.25 404.25 0
1490052240 1990.04 350.95 0
1490053140 1851.28 340.89 0
1490054040 1928.72 303.69 0
1490054940 1997.09 355.98 0
1490055840 2852.85 740.11 0
1490056740 3108.27 665.70 0
1490057640 2841.79 610.39 0
1490058540 3176.65 649.61 0
1490059440 3035.87 504.80 0
1490060340 3155.53 534.97 0
1490061240 4042.46 575.20 0
1490062140 3593.97 551.06 0
1490063040 3571.84 586.26 0
1490063940 3360.67 581.23 0
1490064840 2717.09 602.35 0
1490065740 2871.99 574.20 0
1490066640 3415.98 556.09 0
1490067540 3014.75 601.34 0
1490068440 2872.96 551.06 0
1490069340 3256.09 504.80 0
1490070240 3122.35 544.02 0
1490071140 3062.01 567.15 0
1490072040 3010.73 559.11 0
1490072940 3353.63 572.18 0
1490073840 3825.25 502.79 0
1490074740 3912.74 548.04 0
1490075640 4022.35 708.94 0
1490076540 4089.72 551.06 0
1490077440 3654.30 589.27 0
1490078340 3678.44 673.74 0
1490079240 3628.16 620.45 0
1490080140 3635.20 733.07 0
1490081040 3203.80 773.30 0
1490081940 3947.93 807.49 0
1490082840 3570.84 704.92 0
1490083740 3667.37 703.91 0
1490084640 4122.91 695.87 0
1490085540 3782.01 741.12 0
1490086440 3346.59 677.77 0
1490087340 3001.76 676.78 0
1490088240 2746.26 675.75 0
1490089140 2774.41 692.85 0
1490090040 2908.16 734.08 0
1490090940 3168.60 651.62 0
1490091840 2826.70 718.99 0
1490092740 2882.01 707.93 0
1490093640 2990.61 716.98 0
1490094540 3080.11 707.93 0
1490095440 3362.68 814.53 0
1490096340 2770.39 667.71 0
1490097240 4230.50 720.00 0
1490097600 4212.40 752.18 0
1490098500 2994.64 808.49 0
1490099400 2666.82 870.84 0
1490100300 2710.06 723.02 0
1490101200 3102.23 694.86 0
1490102100 2757.32 713.97 0
1490103000 2671.84 789.39 0
1490103900 2557.21 740.11 0
1490104800 2801.56 758.21 0
1490105700 2648.72 785.36 0
1490106600 2979.55 893.97 0
1490107500 3280.18 840.66 0
1490108400 3237.99 800.45 0
1490109300 3448.16 910.06 0
1490110200 2739.22 848.72 0
1490111100 2057.43 827.60 0
1490112000 2184.13 748.16 0
1490112900 2476.76 784.36 0
1490113800 2051.40 818.55 0
1490114700 1929.72 842.68 0
1490115600 1888.49 885.92 0
1490116500 2133.85 888.94 0
1490117400 1892.51 842.68 0
1490118300 1918.66 831.62 0
1490119200 1879.44 754.19 0
1490120100 1753.74 653.63 0
1490121000 1811.06 756.20 0
1490121900 1798.99 802.46 0
1490122800 1958.88 675.75 0
1490123700 2068.49 803.46 0
1490124600 1881.45 901.01 0
1490125500 1783.91 761.23 0
1490126400 2243.53 736.11 0
1490127300 1959.89 826.59 0
1490128200 1908.60 932.18 0
1490129100 1851.28 1043.80 0
1490130000 2012.18 909.05 0
1490130900 1782.91 849.72 0
1490131800 1854.30 651.62 0
1490132700 2037.32 736.09 0
1490133600 1772.85 574.19 0
1490134500 1769.83 581.23 0
1490135400 1691.40 603.35 0
1490136300 1708.49 473.63 0
1490137200 1828.16 452.51 0
1490138100 2082.57 428.38 0
1490139000 1758.77 503.80 0
1490139900 1772.85 538.99 0
1490140800 1787.93 428.38 0
1490141700 1764.80 590.28 0
1490142600 2155.98 697.88 0
1490143500 2242.46 631.51 0
1490144400 2334.97 574.19 0
1490145300 2333.97 582.23 0
1490146200 2441.56 572.18 0
1490147100 3072.07 624.47 0
1490148000 3438.10 606.37 0
1490148900 3177.61 593.29 0
1490149800 3155.53 610.39 0
1490150700 2529.05 630.50 0
1490151600 2459.66 532.96 0
1490152500 2775.42 594.30 0
1490153400 2118.77 631.51 0
1490154300 2327.93 651.62 0
1490155200 2191.17 621.45 0
1490156100 3540.67 534.97 0
1490157000 2369.16 572.18 0
1490157900 2210.28 661.68 0
1490158800 2079.55 650.61 0
1490159700 2553.18 691.84 0
1490160600 2935.31 569.16 0
1490161500 3126.37 712.96 0
1490162400 2842.79 683.80 0
1490163300 2884.02 656.65 0
1490164200 2971.51 759.22 0
1490165100 2849.83 627.49 0
1490166000 2282.68 682.79 0
1490166900 2437.54 642.57 0
1490167800 2398.32 674.75 0
1490168700 2534.08 737.09 0
1490169600 2941.34 798.44 0
1490170500 3369.72 910.06 0
1490171400 6760.56 1269.05 0
1490172300 3696.54 891.96 0
1490173200 2567.26 774.30 0
1490174100 2731.17 721.01 0
1490175000 3672.40 727.04 0
1490175900 2839.78 655.64 0
1490176800 2846.82 753.18 0
1490177700 3061.01 975.42 0
1490178600 3066.03 819.55 0
1490179500 3243.02 816.54 0
1490180400 3502.46 867.82 0
1490181300 3653.30 764.25 0
1490182200 3860.45 793.41 0
1490183100 4942.46 776.31 0
1490184000 3490.39 816.54 0
1490184900 3021.79 864.80 0
1490185800 3099.22 877.88 0
1490186700 4152.07 861.79 0
1490187600 3571.84 889.94 0
1490188500 3451.17 881.90 0
1490189400 4094.75 946.26 0
1490190300 4050.50 935.20 0
1490191200 3607.04 852.74 0
1490192100 2997.65 889.94 0
1490193000 2496.87 926.15 0
1490193900 2739.22 951.28 0
1490194800 4533.18 826.59 0
1490195700 2405.36 828.60 0
1490196600 2535.13 834.65 0
1490197500 2615.53 802.46 0
1490198400 2577.32 836.65 0
1490199300 2458.66 859.78 0
1490200200 2644.69 830.61 0
1490201100 3283.24 883.91 0
1490202000 2606.48 735.08 0
1490202900 2980.56 811.51 0
1490203800 2542.12 643.58 0
1490204700 2358.10 677.77 0
1490205600 2638.66 910.06 0
1490206500 2957.43 913.07 0
1490207400 4089.72 2834.75 0
1490208300 3985.14 3340.56 0
1490209200 3648.27 702.91 0
1490210100 2972.51 951.28 0
1490211000 2840.78 1054.86 0
1490211900 3889.61 970.39 0
1490212800 3511.51 885.92 0
1490213700 3000.67 723.02 0
1490214600 2745.25 713.97 0
1490215500 3248.04 604.36 0
1490216400 3766.93 671.73 0
1490217300 4384.36 553.07 0
1490218200 4443.69 504.80 0
1490219100 3377.77 543.02 0
1490220000 2136.87 448.49 0
1490220900 2000.11 513.85 0
1490221800 2143.91 576.20 0
1490222700 2001.12 703.91 0
1490223600 1950.84 381.12 0
1490224500 1833.18 321.79 0
1490225400 2026.26 319.78 0
1490226300 2023.24 265.47 0
1490227200 2111.73 236.31 0
1490228100 2213.30 614.41 0
1490229000 2241.45 654.64 0
1490229900 2535.07 624.47 0
1490230800 2258.55 455.53 0
1490231700 2198.21 437.43 0
1490232600 2074.53 472.63 0
1490233500 2410.39 545.03 0
1490234400 2815.64 505.81 0
1490235300 2896.09 549.05 0
1490236200 2776.42 552.07 0
1490237100 2162.01 540.00 0
1490238000 2009.16 534.97 0
1490238900 2557.21 636.54 0
1490239800 2244.47 684.80 0
1490240700 1940.78 534.97 0
1490241600 1928.72 483.69 0
1490242500 1872.40 462.57 0
1490243400 1772.85 465.59 0
1490244300 1776.87 477.65 0
1490245200 1813.07 493.74 0
1490246100 2238.44 473.63 0
1490247000 2679.89 452.51 0
1490247900 2584.36 541.01 0
1490248800 2516.98 648.60 0
1490249700 2738.21 625.47 0
1490250600 2890.06 723.02 0
1490251500 2745.25 802.46 0
1490252400 2373.18 791.40 0
1490253300 2423.46 815.53 0
1490254200 2753.30 880.89 0
1490255100 2360.11 941.23 0
1490256000 2301.79 910.06 0
1490256900 2544.13 982.46 0
1490257800 3080.11 1027.71 0
1490258700 2866.93 1126.26 0
1490259600 2819.66 1144.36 0
1490260500 3323.46 1159.44 0
1490261400 3209.83 1138.32 0
1490262300 3318.52 1227.85 0
1490263200 3601.01 1295.20 0
1490264100 5292.40 1442.01 0
1490265000 3695.53 1305.25 0
1490265900 3241.01 1400.78 0
1490266800 3390.81 1311.27 0
1490267700 3594.97 1170.50 0
1490268600 3397.88 970.39 0
1490269500 3234.97 978.44 0
1490270400 3012.74 989.50 0
1490271300 3194.75 717.99 0
1490272200 3145.47 741.12 0
1490273100 2940.34 727.04 0
1490274000 2961.45 734.08 0
1490274900 3218.88 808.49 0
1490275800 3114.30 929.16 0
1490276700 2851.84 823.58 0
1490277600 2744.25 768.27 0
1490278500 2744.25 762.23 0
1490279400 3017.77 790.39 0
1490280300 2980.56 908.04 0
1490281200 2856.87 888.94 0
1490282100 2733.18 867.82 0
1490283000 2191.17 816.54 0
1490283900 2089.61 847.71 0
1490284800 2164.02 820.56 0
1490285700 2359.11 839.66 0
1490286600 2513.97 969.39 0
1490287500 2980.56 861.79 0
1490288400 3237.99 879.89 0
1490289300 3602.01 913.07 0
1490290200 3617.09 863.80 0
1490291100 3639.22 947.26 0
1490292000 3553.74 869.83 0
1490292900 3649.27 927.15 0
1490293800 3770.95 1025.70 0
1490294700 3486.37 841.68 0
1490295600 3483.35 783.35 0
1490296500 3714.64 749.16 0
1490297400 3534.64 938.21 0
1490298300 3537.65 1054.86 0
1490299200 3799.11 911.06 0
1490300100 3564.80 945.25 0
1490301000 2562.23 1723.58 0
1490301900 1776.87 844.69 0
1490302800 1872.40 1063.91 0
1490303700 1800.00 903.02 0
1490304600 1841.23 914.08 0
1490305500 1848.27 739.11 0
1490306400 1583.80 777.32 0
1490307300 1581.79 606.37 0
1490308200 1748.72 507.82 0
1490309100 1788.94 399.22 0
1490310000 1767.85 373.08 0
1490310900 1847.26 259.44 0
1490311800 1844.22 283.57 0
1490312700 1855.31 282.57 0
1490313600 1743.69 223.24 0
1490314500 2337.99 586.26 0
1490315400 2676.87 732.07 0
1490316300 2951.40 660.67 0
1490317200 2969.50 543.02 0
1490318100 2940.34 532.96 0
1490319000 3054.97 523.91 0
1490319900 3187.71 512.85 0
1490320800 2817.65 498.77 0
1490321700 2938.32 575.20 0
1490322600 3231.96 560.11 0
1490323500 2501.90 529.94 0
1490324400 2189.16 555.08 0
1490325300 2736.20 489.72 0
1490326200 2345.03 535.98 0
1490327100 2355.08 576.20 0
1490328000 2255.53 514.86 0
1490328900 2032.29 490.73 0
1490329800 1859.33 491.73 0
1490330700 1934.75 432.40 0
1490331600 1940.78 566.15 0
1490332500 2341.01 537.99 0
1490333400 2599.44 514.86 0
1490334300 2549.16 659.66 0
1490335200 2842.79 609.39 0
1490336100 3082.12 586.26 0
1490337000 2743.24 601.34 0
1490337900 2837.77 572.18 0
1490338800 2407.37 562.12 0
1490339700 2806.59 507.82 0
1490340600 2652.74 689.83 0
1490341500 2765.36 687.82 0
1490342400 2670.84 662.68 0
1490343300 2910.17 663.69 0
1490344200 2609.50 731.06 0
1490345100 2427.49 712.96 0
1490346000 2388.27 696.87 0
1490346900 2618.55 684.80 0
1490347800 2803.58 716.98 0
1490348700 2382.23 754.19 0
1490349600 2466.70 699.89 0
1490350500 2535.08 737.09 0
1490351400 2494.86 730.06 0
1490352300 2393.30 717.99 0
1490353200 2408.38 778.32 0
1490354100 2380.22 702.91 0
1490355000 2307.82 760.22 0
1490355900 2349.05 775.31 0
1490356800 2569.27 792.40 0
1490357700 2378.21 909.05 0
1490358600 2507.93 932.18 0
1490359500 2595.42 797.43 0
1490360400 2924.25 757.21 0
1490361300 3898.66 1155.42 0
1490362200 3865.47 877.88 0
1490363100 3771.96 713.97 0
1490364000 3988.16 841.68 0
1490364900 3623.13 844.69 0
1490365800 3520.56 852.74 0
1490366700 4558.32 817.54 0
1490367600 3715.64 903.02 0
1490368500 3330.50 870.84 0
1490369400 3281.23 854.75 0
1490370300 3478.32 872.85 0
1490371200 4369.27 819.55 0
1490372100 2564.25 1617.99 0
1490373000 1498.32 836.65 0
1490373900 1823.13 871.84 0
1490374800 1417.88 900.00 0
1490375700 1391.73 814.53 0
1490376600 1538.55 789.39 0
1490377500 1611.96 793.41 0
1490378400 1514.41 754.19 0
1490379300 1564.69 858.77 0
1490380200 1521.45 1080.00 0
1490381100 1574.75 910.06 0
1490382000 1483.24 903.02 0
1490382900 1571.73 808.49 0
1490383800 1602.91 837.65 0
1490384700 1629.05 841.68 0
1490385600 1559.66 1034.75 0
1490386500 1680.34 973.41 0
1490387400 1557.65 934.19 0
1490388300 1891.51 805.47 0
1490389200 1931.73 762.23 0
1490390100 1699.44 772.29 0
1490391000 1606.93 817.54 0
1490391900 1781.90 861.79 0
1490392800 1757.77 678.77 0
1490393700 1901.56 909.05 0
1490394600 1793.97 953.30 0
1490395500 1826.16 766.26 0
1490396400 1742.68 637.54 0
1490397300 1800.00 503.80 0
1490398200 1795.98 557.09 0
1490399100 1810.06 461.56 0
1490400000 1644.13 449.50 0
1490400900 1866.37 702.91 0
1490401800 2327.93 788.38 0
1490402700 2527.04 665.70 0
1490403600 2423.46 680.78 0
1490404500 2515.98 603.35 0
1490405400 2416.42 546.03 0
1490406300 2821.68 541.01 0
1490407200 3324.47 552.07 0
1490408100 3413.97 596.31 0
1490409000 3361.69 598.33 0
1490409900 2873.97 571.17 0
1490410800 2503.91 527.93 0
1490411700 3055.98 602.35 0
1490412600 2578.32 540.00 0
1490413500 2625.59 556.09 0
1490414400 2733.20 573.19 0
1490415300 2680.89 562.12 0
1490416200 2562.23 553.07 0
1490417100 2468.72 565.14 0
1490418000 2176.09 571.17 0
1490418900 2969.50 627.49 0
1490419800 4219.44 575.20 0
1490420700 2930.28 624.47 0
1490421600 2694.97 664.69 0
1490422500 2825.70 658.66 0
1490423400 2607.49 672.74 0
1490424300 2594.41 652.63 0
1490425200 2190.17 614.41 0
1490426100 2779.44 637.54 0
1490427000 2820.67 666.70 0
1490427900 2885.03 744.13 0
1490428800 2499.89 702.91 0
1490429700 2279.66 654.64 0
1490430600 2237.43 741.12 0
1490431500 2202.23 610.39 0
1489065360 3387.82 1134.30 0
1489066260 3667.37 1176.54 0
1489067160 3577.88 1179.55 0
1489068060 3700.56 1065.92 0
1489068960 3597.99 1300.22 0
1489069860 3380.78 1285.14 0
1489070760 3584.92 1329.39 0
1489071660 3846.30 1247.91 0
1489072560 3725.70 1376.65 0
1489073460 3453.18 1410.84 0
1489074360 3440.11 1473.18 0
1489075260 3508.49 1302.23 0
1489076160 3229.94 1508.38 0
1489077060 3163.58 1495.31 0
1489077960 3250.06 1422.91 0
1489078860 3217.88 1500.34 0
1489079760 3116.31 1486.26 0
1489080660 3405.92 1454.08 0
1489081560 3748.83 1476.20 0
1489082460 3754.86 1122.23 0
1489083360 3597.99 590.28 0
1489084260 3287.26 596.31 0
1489085160 3343.58 526.93 0
1489086060 3522.57 610.39 0
1489086960 3499.44 550.06 0
1489087860 3217.88 1162.46 0
1489088760 2449.61 512.85 0
1489089660 2416.42 544.02 0
1489090560 2350.06 472.63 0
1489091460 2332.96 421.34 0
1489092360 2308.83 428.38 0
1489093260 2153.97 326.82 0
1489094160 2270.61 341.90 0
1489095060 2223.35 321.79 0
1489095960 1991.08 253.41 0
1489096860 1997.09 308.72 0
1489097760 2225.36 279.55 0
1489098660 2132.85 336.87 0
1489099560 2069.50 242.35 0
1489100460 3216.87 283.58 0
1489101360 1947.82 283.58 0
1489102260 2103.69 255.42 0
1489103160 2021.23 244.36 0
1489104060 2331.96 220.22 0
1489104960 2402.35 572.18 0
1489105860 2767.32 648.59 0
1489106760 3324.47 598.32 0
1489107660 3241.01 538.99 0
1489108560 3151.51 527.93 0
1489109460 2738.21 585.25 0
1489110360 3738.77 538.99 0
1489111260 3973.07 601.34 0
1489112160 3999.22 604.36 0
1489113060 3789.05 611.40 0
1489113960 3070.06 628.49 0
1489114860 3328.49 623.46 0
1489115760 3684.47 538.99 0
1489116660 3332.51 609.39 0
1489117560 2819.66 632.51 0
1489118460 3857.43 661.68 0
1489119360 3067.04 566.15 0
1489120260 2554.19 637.54 0
1489121160 2581.34 586.26 0
1489122060 2652.74 572.18 0
1489122960 3429.05 532.96 0
1489123860 3448.19 551.07 0
1489124760 3495.42 526.93 0
1489125660 3515.53 620.45 0
1489126560 3401.90 652.63 0
1489127460 3252.07 667.71 0
1489128360 3435.08 604.36 0
1489129260 3095.20 662.68 0
1489130160 3250.06 729.05 0
1489131060 3039.89 785.36 0
1489131960 2919.22 725.03 0
1489132860 2934.30 964.36 0
1489133760 3234.93 2165.00 0
1489134660 3122.35 2187.15 0
1489135560 3456.20 2260.56 0
1489136460 3400.89 2255.53 0
1489137360 2864.92 2176.09 0
1489138260 2956.42 2224.36 0
1489139160 2985.59 2213.30 0
1489140060 2976.54 2227.37 0
1489140960 3067.04 2137.88 0
1489141860 2826.70 2348.04 0
1489142760 2999.66 2065.47 0
1489143660 2675.87 2127.82 0
1489144560 2640.67 2206.26 0
1489145460 2644.69 2270.61 0
1489146360 2542.12 2229.39 0
1489147260 2739.22 2202.23 0
1489148160 2603.46 2218.32 0
1489149060 2938.32 2233.41 0
1489149960 3136.42 2252.51 0
1489150860 3673.41 2342.01 0
1489151760 3058.99 2290.73 0
1489152660 2920.22 2084.58 0
1489153560 3042.91 2213.30 0
1489154460 3024.80 2196.20 0
1489155360 3172.63 2273.63 0
1489156260 3354.64 2155.98 0
1489157160 3138.44 2316.87 0
1489158060 3799.11 2309.83 0
1489158960 3343.58 2376.20 0
1489159860 3212.85 2277.65 0
1489160760 3424.02 2231.40 0
1489161660 3709.61 2188.16 0
1489162560 4203.35 2220.34 0
1489163460 4018.32 2193.18 0
1489164360 4093.74 2214.30 0
1489165260 3934.86 2194.19 0
1489166160 4248.60 2199.22 0
1489167060 4130.95 2191.17 0
1489167960 3953.97 2260.56 0
1489168860 3951.96 2210.28 0
1489169760 3864.47 2162.01 0
1489170660 3948.94 2175.08 0
1489171560 3712.63 2101.68 0
1489172460 3147.49 2101.68 0
1489173360 3056.98 2105.70 0
1489174260 3750.84 1942.79 0
1489175160 2505.92 2944.36 0
1489176060 1615.98 1978.99 0
1489176960 1740.67 2026.26 0
1489177860 1792.96 2070.50 0
1489178760 1690.39 1956.87 0
1489179660 1539.55 2100.67 0
1489180560 1533.52 1894.53 0
1489181460 1757.77 1854.30 0
1489182360 1771.84 1924.69 0
1489183260 2094.64 1789.94 0
1489184160 2348.04 1695.42 0
1489185060 1859.33 1804.02 0
1489185960 2044.36 1743.69 0
1489186860 2310.84 1771.84 0
1489187760 2448.60 1779.89 0
1489188660 2786.48 1772.85 0
1489189560 2149.94 1783.91 0
1489190460 1991.06 1796.98 0
1489191360 1990.06 1976.98 0
1489192260 2357.09 2297.77 0
1489193160 2355.08 2131.84 0
1489194060 2388.27 1978.99 0
1489194960 2269.61 1863.35 0
1489195860 2625.59 2023.24 0
1489196760 2171.06 2018.21 0
1489197660 3295.31 2042.35 0
1489198560 3398.88 2097.65 0
1489199460 3344.58 2141.90 0
1489200360 2964.47 2096.65 0
1489201260 2531.06 2020.22 0
1489202160 2755.31 2042.35 0
1489203060 3932.85 2118.77 0
1489203960 2314.86 2066.48 0
1489204860 2523.02 2068.49 0
1489205760 2390.28 2088.60 0
1489206660 2445.59 2131.84 0
1489207560 2492.85 2127.82 0
1489208460 2447.60 2105.70 0
1489209360 2677.86 2171.05 0
1489210260 4246.59 2150.95 0
1489211160 2881.01 2085.59 0
1489212060 3033.85 2169.05 0
1489212960 2959.44 2223.35 0
1489213860 2856.87 2221.34 0
1489214760 2664.80 2249.50 0
1489215660 2607.49 2114.75 0
1489216560 2409.39 2149.94 0
1489217460 2228.38 1996.09 0
1489218360 2308.83 2074.53 0
1489219260 2282.68 2194.19 0
1489220160 2191.17 2295.75 0
1489221060 2108.72 2169.06 0
1489221960 2061.45 2133.85 0
1489222860 2147.93 2189.16 0
1489223760 2320.89 2209.27 0
1489224660 2329.94 2154.97 0
1489225560 2272.63 2273.63 0
1489226460 2276.65 2320.89 0
1489227360 2228.38 2258.55 0
1489228260 2348.04 2247.49 0
1489229160 2262.57 2194.19 0
1489230060 2287.71 2298.77 0
1489230960 2256.54 2244.47 0
1489231860 1916.65 2262.57 0
1489232760 2016.20 2254.53 0
1489233660 4061.56 2363.13 0
1489234560 2013.18 2279.66 0
1489235460 2162.01 2200.22 0
1489236360 2149.94 2102.68 0
1489237260 2054.41 2205.25 0
1489238160 2148.94 2169.05 0
1489239060 2244.47 2176.09 0
1489239960 2007.15 2180.11 0
1489240860 2186.15 2418.44 0
1489241760 2282.68 2281.68 0
1489242660 2329.94 2304.80 0
1489243560 2049.39 2296.76 0
1489244460 2046.37 2161.01 0
1489245360 2240.45 2149.94 0
1489246260 2588.38 2106.70 0
1489247160 2545.14 2032.29 0
1489248060 2366.15 2165.03 0
1489248960 2619.55 2157.99 0
1489249860 2521.01 2167.04 0
1489250760 2395.31 2208.27 0
1489251660 2491.84 2205.25 0
1489252560 2388.27 2087.60 0
1489253460 2941.34 2125.81 0
1489254360 2628.60 2134.86 0
1489255260 2985.59 2072.51 0
1489256160 3242.01 2047.37 0
1489257060 3585.92 2173.07 0
1489257960 4358.21 2342.01 0
1489258860 3966.03 2175.08 0
1489259760 3333.52 1878.44 0
1489260660 3358.66 1915.64 0
1489261560 3915.75 2074.53 0
1489262460 3385.81 2025.25 0
1489263360 3366.70 1995.08 0
1489264260 3275.20 1920.67 0
1489265160 3197.77 2273.63 0
1489266060 3224.85 2501.85 0
1489266960 3306.37 2287.71 0
1489267860 3264.13 2166.03 0
1489268760 2088.60 2705.03 0
1489269660 1873.41 1859.33 0
1489270560 2018.21 1804.02 0
1489271460 1770.84 1838.21 0
1489272360 1680.34 1854.30 0
1489273260 2019.22 1800.00 0
1489274160 1881.45 1812.07 0
1489275060 1965.92 1770.84 0
1489275960 1821.12 1724.58 0
1489276860 1934.75 1741.68 0
1489277760 2110.73 2051.40 0
1489278660 2402.35 3289.27 0
1489279560 2030.28 4897.21 0
1489280460 2330.95 3175.64 0
1489281360 2490.84 2009.16 0
1489282260 2526.03 2022.23 0
1489283160 2914.19 1981.01 0
1489284060 3306.37 2060.45 0
1489284960 3063.02 2009.16 0
1489285860 3169.57 2117.74 0
1489286760 2192.18 2163.02 0
1489287660 2014.19 2117.77 0
1489288560 2423.46 2023.24 0
1489289460 2055.42 2028.27 0
1489290360 2285.70 2023.24 0
1489291260 2345.03 2122.79 0
1489292160 2005.14 2072.51 0
1489293060 2410.39 2046.37 0
1489293960 2258.55 2087.60 0
1489294860 2371.17 2061.45 0
1489295760 3001.68 2087.60 0
1489296660 2963.46 1921.68 0
1489297560 2570.28 2153.97 0
1489298460 2693.97 2217.32 0
1489299360 2828.72 2053.41 0
1489300260 3186.70 2034.30 0
1489301160 3152.51 2102.68 0
1489302060 2873.97 1983.02 0
1489302960 2679.89 2039.33 0
1489303860 2492.85 2087.60 0
1489304760 2124.80 1971.96 0
1489305660 2574.30 1983.02 0
1489306560 2716.12 2018.23 0
1489307460 2558.21 1995.08 0
1489308360 3027.82 2010.17 0
1489309260 2533.07 2105.70 0
1489310160 4604.53 2094.61 0
1489311060 3111.28 2073.52 0
1489311960 2971.51 2073.52 0
1489312860 2997.65 2077.54 0
1489313760 2842.79 2139.89 0
1489314660 2834.75 2053.41 0
1489315560 2731.17 2167.04 0
1489316460 2608.49 2108.72 0
1489317360 2924.25 2130.84 0
1489318260 2654.75 2250.50 0
1489319160 2880.00 2116.76 0
1489320060 3028.83 2118.77 0
1489320960 2726.15 2167.04 0
1489321860 2861.90 2292.74 0
1489322760 2396.31 2227.37 0
1489323660 2461.68 2154.97 0
1489324560 2296.76 2081.56 0
1489325460 2154.97 2138.88 0
1489326360 2171.06 2203.24 0
1489327260 2114.75 2216.31 0
1489328160 2191.17 2220.34 0
1489329060 2505.92 2258.55 0
1489329960 2101.68 2214.30 0
1489330860 2175.08 2200.22 0
1489331760 2289.72 2118.77 0
1489332660 2700.00 2301.79 0
1489333560 2446.59 2200.22 0
1489334460 2436.51 2186.13 0
1489335360 2225.36 2167.04 0
1489336260 2276.65 2246.48 0
1489337160 2798.55 2225.36 0
1489338060 3121.34 2155.98 0
1489338960 3199.78 2124.80 0
1489339860 3442.12 2130.84 0
1489340760 3191.73 2172.07 0
1489341660 3249.05 2177.09 0
1489342560 3258.10 2200.22 0
1489343460 2978.55 2247.49 0
1489344360 3120.34 2139.89 0
1489345260 2827.71 2245.47 0
1489346160 2763.35 2202.23 0
1489347060 2828.72 2205.25 0
1489347960 2547.15 2112.74 0
1489348860 2689.94 2230.39 0
1489349760 2595.42 2064.47 0
1489350660 2902.12 2222.35 0
1489351560 2861.90 2139.89 0
1489352460 2896.09 2202.23 0
1489353360 3020.78 2094.64 0
1489354260 3141.45 2260.56 0
1489355160 3192.74 2228.38 0
1489356060 3269.16 2027.26 0
1489356960 2694.97 2142.91 0
1489357860 3138.44 2115.75 0
1489358760 3252.07 1885.47 0
1489359660 2400.34 4763.46 0
1489360560 3111.28 1954.86 0
1489361460 1973.97 1888.49 0
1489362360 1911.62 1802.01 0
1489363260 2043.29 1942.73 0
1489364160 2064.47 2229.39 0
1489365060 2538.10 2148.94 0
1489365960 2600.45 1945.81 0
1489366860 2217.32 1969.94 0
1489367760 2440.56 1977.99 0
1489368660 2291.73 1871.40 0
1489369560 2866.93 1976.98 0
1489370460 3314.41 1958.88 0
1489371360 4454.75 2060.45 0
1489372260 4685.03 2154.97 0
1489373160 2538.10 2031.28 0
1489374060 2703.02 2041.34 0
1489374960 3152.51 2046.37 0
1489375860 2544.13 2066.48 0
1489376760 2701.01 2052.40 0
1489377660 2800.56 2050.39 0
1489378560 2847.82 1984.02 0
1489379460 2920.22 2032.29 0
1489380360 2731.17 1985.03 0
1489381260 2559.22 2029.27 0
1489382160 2810.61 2055.42 0
1489383060 2966.48 1993.07 0
1489383960 2934.30 2093.63 0
1489384860 3186.70 2120.78 0
1489385760 2754.30 2125.81 0
1489386660 2819.66 2168.04 0
1489387560 2815.64 2043.35 0
1489388460 2858.88 2056.42 0
1489389360 2553.18 2042.35 0
1489390260 2614.53 2132.85 0
1489391160 2668.83 2081.56 0
1489392060 2527.04 2137.88 0
1489392960 2401.34 2063.46 0
1489393860 2375.20 2139.89 0
1489394760 2286.70 2111.73 0
1489395660 2480.78 2089.61 0
1489396560 2687.93 2152.96 0
1489397460 2499.89 2181.12 0
1489398360 2582.35 2221.34 0
1489399260 2708.04 2161.01 0
1489400160 2927.26 2176.09 0
1489401060 2697.99 2255.53 0
1489401960 2971.51 2265.59 0
1489402860 2475.75 2171.06 0
1489403760 2839.78 2204.25 0
1489404660 2735.20 2078.55 0
1489405560 2875.98 2175.08 0
1489406460 2825.73 2206.28 0
1489407360 2585.36 2149.94 0
1489408260 4142.01 2201.23 0
1489409160 2845.81 2173.07 0
1489410060 2693.97 2182.12 0
1489410960 2758.33 2162.01 0
1489411860 2983.58 2261.56 0
1489412760 2995.64 2289.72 0
1489413660 2891.06 2173.07 0
1489414560 2561.23 2260.56 0
1489415460 2694.97 2323.91 0
1489416360 2723.13 2332.96 0
1489417260 2719.11 2322.91 0
1489418160 2615.53 2270.61 0
1489419060 2626.59 2117.77 0
1489419960 2657.77 2187.15 0
1489420860 2559.22 2205.25 0
1489421760 2617.54 2212.29 0
1489422660 2454.64 2180.11 0
1489423560 2708.04 2275.64 0
1489424460 2374.19 2390.28 0
1489425360 2542.12 2217.32 0
1489426260 2460.67 2176.09 0
1489427160 2469.72 2088.60 0
1489428060 2570.28 2047.37 0
1489428960 3072.07 2141.90 0
1489429860 3301.34 2141.90 0
1489430760 2858.88 2119.78 0
1489431660 2853.85 2072.51 0
1489432560 3078.05 2125.77 0
1489433460 3011.73 2113.74 0
1489434360 3111.28 2142.91 0
1489435260 2910.17 2040.34 0
1489436160 3017.77 2073.52 0
1489437060 3196.76 2131.84 0
1489437960 3099.22 2038.32 0
1489438860 2730.17 2009.16 0
1489439760 1756.76 1874.41 0
1489440660 1821.12 1849.27 0
1489441560 1602.91 1902.57 0
1489442460 1684.36 1858.32 0
1489443360 1664.25 1766.82 0
1489444260 1639.11 1865.36 0
1489445160 1683.35 1737.65 0
1489446060 1796.98 1750.73 0
1489446960 1817.09 1765.81 0
1489447860 1600.89 1826.15 0
1489448760 1575.75 1779.89 0
1489449660 1725.59 1759.78 0
1489450560 1822.12 2072.51 0
1489451460 2358.10 2127.82 0
1489452360 2189.16 2086.59 0
1489453260 2066.48 1939.78 0
1489454160 2306.82 1957.88 0
1489455060 2341.01 1816.09 0
1489455960 2279.66 1862.35 0
1489456860 3053.97 1935.75 0
1489457760 3210.84 1957.88 0
1489458660 3320.45 1938.77 0
1489459560 2885.03 1961.90 0
1489460460 2294.75 2005.14 0
1489461360 2775.42 1960.89 0
1489462260 2355.08 2088.60 0
1489463160 2172.07 2034.30 0
1489464060 2472.74 1955.87 0
1489464960 2118.77 1913.63 0
1489465860 2189.16 1990.06 0
1489466760 2119.78 1911.62 0
1489467660 2248.49 1937.77 0
1489468560 2544.13 2048.38 0
1489469460 2929.27 1995.08 0
1489470360 2676.87 2083.58 0
1489471260 3396.87 2087.60 0
1489472160 3230.95 2178.10 0
1489473060 3171.62 2154.97 0
1489473960 2802.57 2068.49 0
1489474860 2557.21 2207.26 0
1489475760 2415.42 2231.40 0
1489476660 2608.49 2248.49 0
1489477560 2632.63 2065.47 0
1489478460 2649.72 2175.08 0
1489479360 2600.45 2144.92 0
1489480260 2686.93 2166.03 0
1489481160 2848.83 2378.21 0
1489482060 2790.50 2305.81 0
1489482960 2819.66 2282.68 0
1489483860 2843.80 2295.75 0
1489484760 2894.08 2459.66 0
1489485660 3070.06 2215.31 0
1489486560 3128.38 2239.44 0
1489487460 3775.98 2201.23 0
1489488360 3432.07 2047.37 0
1489489260 2727.15 2218.32 0
1489490160 2939.33 2151.96 0
1489491060 2916.20 2327.93 0
1489491960 2804.58 2350.06 0
1489492860 2652.74 2254.53 0
1489493760 2590.39 2231.40 0
1489494660 2815.64 2282.68 0
1489495560 2608.49 2183.13 0
1489496460 2584.36 2217.32 0
1489497360 3519.55 2156.98 0
1489498260 3292.29 2284.69 0
1489499160 3081.12 2288.72 0
1489500060 3005.70 2224.36 0
1489500960 3109.27 2196.20 0
1489501860 2957.43 2258.55 0
1489502760 3347.60 2283.69 0
1489503660 2834.75 2192.18 0
1489504560 3064.97 2273.59 0
1489505460 2965.47 2158.99 0
1489506360 3046.93 2177.09 0
1489507260 3000.67 2212.29 0
1489508160 2880.00 2187.15 0
1489509060 3035.87 2160.00 0
1489509960 2867.93 2168.04 0
1489510860 2925.25 2256.54 0
1489511760 3170.61 2225.36 0
1489512660 3046.93 2220.34 0
1489513560 3195.75 2221.34 0
1489514460 3047.93 2120.78 0
1489515360 2973.52 1980.00 0
1489516260 2940.34 2139.89 0
1489517160 3399.89 2048.38 0
1489518060 3270.17 2042.35 0
1489518960 3037.94 2050.44 0
1489519860 3084.13 2120.78 0
1489520760 3211.84 2097.65 0
1489521660 3458.21 2142.91 0
1489522560 3438.10 1963.91 0
1489523460 3496.42 2107.71 0
1489524360 3282.23 2142.91 0
1489525260 3262.12 1981.01 0
1489526160 3274.19 2052.40 0
1489527060 3512.51 2064.47 0
1489527960 3528.60 1988.04 0
1489528860 3429.05 2064.47 0
1489529760 3685.47 1968.94 0
1489530660 3618.10 1920.67 0
1489531560 3869.50 1800.00 0
1489532460 4110.84 1740.67 0
1489533360 4267.71 1817.09 0
1489534260 4042.46 1764.80 0
1489535160 3816.20 1682.35 0
1489536060 3610.06 1670.28 0
1489536960 3983.13 2072.51 0
1489537860 3415.98 2212.29 0
1489538760 3244.02 2124.80 0
1489539660 3252.07 2012.18 0
1489540560 3535.64 2004.13 0
1489541460 3552.74 1946.82 0
1489542360 4105.81 1938.77 0
1489543260 4569.39 1973.97 0
1489544160 4606.59 1987.04 0
1489545060 4471.84 2049.39 0
1489545960 3778.99 2070.50 0
1489546860 3672.40 2032.29 0
1489547760 4158.08 1905.58 0
1489548660 3636.20 2036.31 0
1489549560 4108.83 2071.51 0
1489550460 3657.32 2012.18 0
1489551360 3314.41 2024.25 0
1489552260 4087.71 3324.47 0
1489553160 2510.99 4332.14 0
1489554060 3152.51 2772.40 0
1489554960 3311.40 2462.68 0
1489555860 2774.41 2035.31 0
1489556760 2809.61 2007.15 0
1489557660 2635.64 2014.19 0
1489558560 2606.48 2086.59 0
1489559460 3898.66 2118.77 0
1489560360 2762.35 2021.23 0
1489561260 2375.20 2108.72 0
1489562160 2135.87 2086.59 0
1489563060 2190.17 2091.62 0
1489563960 2136.87 2002.12 0
1489564860 2163.02 2065.47 0
1489565760 2103.69 2038.32 0
1489566660 2061.45 2058.44 0
1489567560 2092.63 2070.50 0
1489568460 2010.17 2118.77 0
1489569360 2351.06 2074.53 0
1489570260 2580.34 2026.26 0
1489571160 2458.66 2102.68 0
1489572060 2557.21 2144.92 0
1489572960 2501.90 2058.44 0
1489573860 2716.09 2074.53 0
1489574760 2479.78 2132.85 0
1489575660 2468.72 2130.84 0
1489576560 2603.46 2177.09 0
1489577460 2281.68 2199.22 0
1489578360 2425.47 2157.99 0
1489579260 2655.75 2116.76 0
1489580160 2399.33 2106.70 0
1489581060 2553.18 2169.05 0
1489581960 2271.62 2127.82 0
1489582860 2314.86 2075.53 0
1489583760 2349.05 2015.20 0
1489584660 2364.10 2175.05 0
1489585560 2335.98 2068.49 0
1489586460 2515.98 2152.96 0
1489587360 2444.58 2155.98 0
1489588260 2716.09 2120.78 0
1489589160 2352.07 2145.92 0
1489590060 2471.73 2078.55 0
1489590960 2276.65 2066.48 0
1489591860 2526.03 2181.12 0
1489592760 2434.53 2145.92 0
1489593660 2544.13 2101.68 0
1489594560 2896.09 2043.35 0
1489595460 2938.32 2045.36 0
1489596360 3666.37 2008.16 0
1489597260 3094.19 1973.97 0
1489598160 2645.70 2024.25 0
1489599060 3542.68 2079.55 0
1489599960 3260.11 2073.52 0
1489600860 3742.75 1968.92 0
1489601760 3464.25 1942.79 0
1489602660 3306.37 1905.59 0
1489603560 3270.17 1906.59 0
1489604460 3209.83 1931.73 0
1489605360 2889.05 2427.49 0
1489606260 1893.52 1997.09 0
1489607160 1851.28 1965.92 0
1489608060 2098.66 1977.99 0
1489608960 1688.38 1808.04 0
1489609860 1801.01 1957.88 0
1489610760 1635.08 1910.61 0
1489611660 1579.78 1947.82 0
1489612560 1503.35 1952.85 0
1489613460 1499.33 1962.91 0
1489614360 1480.22 1910.61 0
1489615260 1355.53 1881.45 0
1489616160 1516.42 1993.07 0
1489617060 2363.09 2003.09 0
1489617960 2585.36 1901.56 0
1489618860 2567.26 1837.21 0
1489619760 1718.55 1733.63 0
1489620660 1673.30 1751.73 0
1489621560 1404.80 1651.17 0
1489622460 1581.79 1715.53 0
1489623360 1515.42 1937.77 0
1489624260 1951.84 2038.32 0
1489625160 2007.15 2055.42 0
1489626060 1878.44 1880.45 0
1489626960 1891.51 1691.40 0
1489627860 1930.73 532.96 0
1489628760 2648.72 534.97 0
1489629660 3045.92 514.86 0
1489630560 3317.43 538.99 0
1489631460 3479.33 609.39 0
1489632360 2742.23 572.18 0
1489633260 2734.19 548.04 0
1489634160 2888.04 572.18 0
1489635060 2478.77 581.23 0
1489635960 2722.12 594.30 0
1489636860 2937.32 590.28 0
1489637760 3090.17 525.92 0
1489638660 2752.29 585.25 0
1489639560 2827.71 507.82 0
1489640460 2388.27 558.10 0
1489641360 2161.01 578.21 0
1489642260 2325.92 597.32 0
1489643160 2410.39 583.24 0
1489644060 2562.23 668.72 0
1489644960 2261.56 621.45 0
1489645860 2590.41 627.49 0
1489646760 2679.89 588.27 0
1489647660 2529.05 644.58 0
1489648560 2751.28 600.34 0
1489649460 3058.99 595.31 0
1489650360 3096.20 568.16 0
1489651260 2774.41 626.48 0
1489652160 2763.35 545.03 0
1489653060 2318.88 581.23 0
1489653960 2709.05 634.53 0
1489654860 2517.99 613.41 0
1489655760 3122.35 607.37 0
1489656660 2506.93 701.90 0
1489657560 2493.85 717.99 0
1489658460 2644.69 669.72 0
1489659360 2909.16 613.41 0
1489660260 3289.27 688.83 0
1489661160 3079.11 692.85 0
1489662060 2917.21 691.84 0
1489662960 2573.30 645.59 0
1489663860 2541.12 664.69 0
1489664760 2801.56 666.70 0
1489665660 2584.36 681.79 0
1489666560 2359.11 631.51 0
1489667460 2644.69 758.21 0
1489668360 2415.42 828.60 0
1489669260 2670.84 734.08 0
1489670160 2675.87 736.09 0
1489671060 3093.18 818.55 0
1489671960 3416.98 792.40 0
1489672860 3347.60 818.55 0
1489673760 2986.59 807.49 0
1489674660 4662.91 803.46 0
1489675560 3265.14 796.42 0
1489676460 2994.64 708.94 0
1489677360 3048.94 640.56 0
1489678260 3272.18 764.25 0
1489679160 3236.98 623.46 0
1489680060 3467.26 728.04 0
1489680960 3433.07 776.31 0
1489681860 3525.59 824.58 0
1489682760 3288.27 824.58 0
1489683660 3308.38 748.16 0
1489684560 3483.35 867.82 0
1489685460 3333.52 819.55 0
1489686360 3166.59 780.34 0
1489687260 3101.23 834.64 0
1489688160 3206.82 815.53 0
1489689060 3230.95 726.03 0
1489689960 3202.79 698.88 0
1489690860 2951.40 886.93 0
1489691760 4390.39 859.78 0
1489692660 4635.75 802.46 0
1489693560 4214.41 781.34 0
1489694460 4079.66 1578.77 0
1489695360 4443.69 766.26 0
1489696260 2918.21 709.94 0
1489697160 2143.87 817.53 0
1489698060 1576.76 699.89 0
1489698960 1539.55 664.69 0
1489699860 1672.29 552.07 0
1489700760 1671.28 630.50 0
1489701660 1540.56 548.04 0
1489702560 1642.12 597.32 0
1489703460 1482.23 518.88 0
1489704360 1391.73 520.89 0
1489705260 1468.16 423.35 0
1489706160 1454.08 341.90 0
1489707060 1530.50 255.42 0
1489707960 1356.54 196.09 0
1489708860 1116.20 213.18 0
1489709760 1298.21 578.21 0
1489710660 1716.54 678.77 0
1489711560 2001.12 657.65 0
1489712460 1813.07 576.20 0
1489713360 1955.87 566.15 0
1489714260 3041.90 497.77 0
1489715160 2509.94 476.65 0
1489716060 2857.88 533.97 0
1489716960 2934.31 547.04 0
1489717860 2887.04 620.45 0
1489718760 2033.30 596.31 0
1489719660 1997.09 560.11 0
1489720560 2437.54 572.18 0
1489721460 2120.78 628.49 0
1489722360 2101.68 562.12 0
1489723260 2155.98 601.34 0
1489724160 1998.10 555.08 0
1489725060 2135.87 537.99 0
1489725960 1999.11 538.99 0
1489726860 2107.71 594.30 0
1489727760 2488.83 647.60 0
1489728660 2719.11 577.21 0
1489729560 3049.94 609.39 0
1489730460 3143.46 616.42 0
1489731360 2891.06 602.35 0
1489732260 3060.00 683.80 0
1489733160 2859.89 626.48 0
1489734060 3078.10 648.60 0
1489734960 3016.76 685.81 0
1489735860 3311.40 718.99 0
1489736760 3005.70 700.89 0
1489737660 3028.83 700.89 0
1489738560 3075.08 699.89 0
1489739460 2628.60 678.77 0
1489740360 2491.84 791.40 0
1489741260 2810.61 871.84 0
1489742160 2639.66 682.79 0
1489743060 2688.94 797.43 0
1489743960 3669.39 1478.21 0
1489744860 2563.17 2638.59 0
1489745760 2899.11 3894.64 0
1489746660 2694.97 3940.89 0
1489747560 2538.10 4154.08 0
1489748460 2818.66 3496.42 0
1489749360 2614.53 728.04 0
1489750260 2506.93 748.16 0
1489751160 1956.87 712.96 0
1489752060 1863.33 934.18 0
1489752960 1966.93 1101.12 0
1489753860 1966.93 742.12 0
1489754760 1995.08 741.12 0
1489755660 1602.91 733.07 0
1489756560 1756.76 727.04 0
1489757460 2109.72 722.01 0
1489758360 1780.89 740.11 0
1489759260 1709.49 690.83 0
1489760160 3588.94 748.16 0
1489761060 3088.16 867.82 0
1489761960 2981.56 856.76 0
1489762860 3023.80 830.61 0
1489763760 2767.37 818.55 0
1489764660 2607.49 775.31 0
1489765560 2771.40 767.26 0
1489766460 3272.18 648.60 0
1489767360 2814.64 619.44 0
1489768260 3159.55 744.13 0
1489769160 2968.49 656.65 0
1489770060 2921.23 624.47 0
1489770960 2800.56 699.89 0
1489771860 2957.43 738.10 0
1489772760 2962.46 706.93 0
1489773660 3061.01 784.36 0
1489774560 2966.48 812.51 0
1489775460 3156.54 774.30 0
1489776360 3210.84 704.92 0
1489777260 3621.12 713.97 0
1489778160 2929.27 720.00 0
1489779060 3235.98 767.26 0
1489779960 3862.46 906.03 0
1489780860 3265.14 784.36 0
1489781760 2914.19 802.46 0
1489782660 3505.47 846.70 0
1489783560 4106.82 918.10 0
1489784460 3715.64 928.16 0
1489785360 2593.41 735.08 0
1489786260 3726.70 689.83 0
1489787160 2782.46 656.65 0
1489788060 3117.32 651.62 0
1489788960 3957.99 722.01 0
1489789860 5904.80 810.50 0
1489790760 2627.60 416.31 0
1489791660 2869.94 1237.88 0
1489792560 1430.95 500.78 0
1489793460 1639.11 346.93 0
1489794360 2075.53 313.74 0
1489795260 1650.17 307.71 0
1489796160 2833.74 756.20 0
1489797060 2638.66 693.85 0
1489797960 3257.09 700.89 0
1489798860 2759.33 571.17 0
1489799760 3154.53 582.23 0
1489800660 3568.83 524.92 0
1489801560 6718.32 897.99 0
1489802460 3549.72 561.12 0
1489803360 4176.20 741.12 0
1489804260 3875.53 712.96 0
1489805160 3932.85 612.40 0
1489806060 2998.66 551.06 0
1489806960 3355.64 569.16 0
1489807860 3159.55 587.26 0
1489808760 3423.02 624.47 0
1489809660 3413.97 503.80 0
1489810560 3168.60 549.05 0
1489811460 3076.09 597.32 0
1489812360 3639.22 570.17 0
1489813260 3595.98 548.04 0
1489814160 4075.64 635.53 0
1489815060 3401.90 532.96 0
1489815960 5267.26 731.06 0
1489816860 3279.22 638.55 0
1489817760 3307.37 746.15 0
1489818660 3466.26 695.87 0
1489819560 3201.79 796.42 0
1489820460 3874.53 759.22 0
1489821360 2453.63 819.55 0
1489822260 2559.22 784.36 0
1489823160 2444.58 806.48 0
1489824060 2529.98 703.89 0
1489824960 3096.20 709.94 0
1489825860 2511.96 728.04 0
1489826760 2640.67 802.46 0
1489827660 3017.77 813.52 0
1489828560 2814.64 815.53 0
1489829460 2996.65 932.18 0
1490981280 35479.11 9200.11 1
1490982180 3949.94 5117.43 1
1490983080 3360.67 6107.93 1
1490983980 2697.99 7110.50 1
1490984880 2891.06 6345.25 1
1490985780 2811.62 6640.89 1
1490986680 2703.02 6727.37 1
1490987580 2845.81 6349.27 1
1490988480 2919.22 6407.60 1
1490989380 29102.36 8333.20 1
1490990280 2355.08 6682.12 1
1490991180 3545.70 7425.25 1
1489846679 2271.65 747.16 1
1489847579 2340.00 866.82 1
1489848479 3064.02 859.78 1
1489849379 2729.16 820.56 1
1489850279 2835.75 754.19 1
1489047030 2565.25 727.04 1
1489047930 2889.05 1055.87 1
1489048830 3221.90 1017.65 1
1489049730 2815.64 1161.45 1
1487456542 1408.83 14324.58 2
1487457442 1365.59 18304.69 2
1487458342 1452.07 15921.45 2
1487459242 1443.02 15049.61 2
1487460142 1280.11 289.61 2
1487461042 1434.97 316.76 2
1487461942 1582.79 260.45 2
1487462842 1496.31 284.58 2
1487463742 1723.58 558.10 2
1487464642 2406.37 669.72 2
1487465542 2184.13 450.50 2
1487466442 3277.21 531.96 2
1476267900 1514.41 35002.46 2
1476268800 1565.70 34875.75 2
1476269700 1395.75 34569.05 2
1476270600 1496.31 34649.50 2
1476271500 1676.31 34166.82 2
1476272400 2074.53 33187.37 2
1476273300 1543.58 34583.13 2
1476274200 1779.89 34754.08 2
1476275100 1561.68 33957.65 2
1476276000 1514.41 34956.20 2
1476276900 1483.24 34540.89 2
1476277800 1794.97 34711.84 2
1476278700 1618.99 34708.83 2
1476279600 1517.43 34704.80 2
1476280500 1283.13 34337.77 2
1476281400 1627.04 34638.44 2
1476282300 1555.64 34276.42 2
1476283200 1653.18 34261.34 2
1476284100 1347.49 34547.93 2
1476285000 1860.34 34457.43 2
1476285900 1349.50 34539.89 2
1476286800 1477.21 34278.44 2
1476287700 1607.93 34484.58 2
1476288600 2908.16 34373.97 2
1476289500 4717.21 33907.37 2
1476290400 3865.47 12910.73 2
1476291300 3560.78 33098.88 2
1476292200 4638.77 34324.69 2
1476293100 3979.11 34382.01 2
1476294000 1677.32 33933.52 2
1476294900 1537.54 33971.73 2
1476295800 1638.10 33475.98 2
1476296700 1566.70 33896.31 2
1476297600 1707.49 34292.51 2
1476298500 1445.03 34399.11 2
1476299400 1502.35 34127.60 2
1476300300 1231.84 34583.13 2
1476301200 1319.33 34288.49 2
1476302100 1269.05 34564.02 2
1476303000 1579.78 34509.72 2
1476303900 1265.03 34457.43 2
1476304800 1281.12 34633.41 2
1476305700 1281.12 34402.12 2
1476306600 1316.31 34920.00 2
1476307500 1249.94 31482.91 2
1476308400 1185.59 34817.43 2
1476309300 1016.66 29194.66 2
1476313800 965.40 29084.76 2
1476314700 1364.58 35739.55 2
1476315600 1415.87 36223.24 2
1476316500 2226.37 36361.01 2
1476317400 2367.15 36184.02 2
1476318300 1359.55 36221.23 2
1476319200 1281.12 36196.09 2
1476320100 1356.54 36312.74 2
1476321000 1183.58 36362.01 2
1476321900 1076.98 36457.54 2
1476322800 1131.28 36227.26 2
1476323700 1193.63 36343.91 2
1476324600 1441.01 36337.88 2
1476325500 3319.44 36310.73 2
1476326400 2282.68 36309.72 2
1476327300 2207.26 36178.99 2
1476328200 2177.09 36091.51 2
1476329100 1479.22 36063.35 2
1476330000 1561.68 35802.91 2
1476330900 1375.64 35972.85 2
1476331800 1257.99 35793.85 2
1476332700 1285.14 36052.29 2
1476333600 1645.14 35782.79 2
1476334500 1523.46 36019.11 2
1476335400 1673.30 35888.38 2
1476336300 2196.20 35480.11 2
1476337200 2286.70 35478.10 2
1476338100 2236.42 35437.88 2
1476339000 2652.74 34800.34 2
1476339900 2383.24 34584.13 2
1476340800 2400.34 35221.68 2
1476341700 2416.42 35264.92 2
1476342600 2164.02 34887.82 2
1476343500 1741.68 35297.09 2
1476344400 1614.97 34823.46 2
1476345300 1477.21 39737.77 2
1476346200 1564.69 38770.39 2
1476347100 1678.32 35606.82 2
1476348000 1688.38 34360.89 2
1476348900 1851.28 35218.66 2
1476349800 2008.16 35193.52 2
1476350700 1923.69 35303.13 2
1476351600 2755.31 31160.11 2
1476352500 2266.59 34597.21 2
1476353400 1725.59 35620.89 2
1476354300 1823.13 35844.13 2
1476355200 2077.54 35655.08 2
1476356100 2082.57 35745.59 2
1476357000 2117.77 34627.37 2
1476357900 1963.91 35359.44 2
1476358800 1940.78 33641.90 2
1476359700 1770.84 34712.85 2
1476360600 1785.92 35321.27 2
1476361500 1783.91 35136.20 2
1476362400 1787.93 34527.82 2
1476363300 1719.55 34977.32 2
1476364200 1658.20 34909.79 2
1476365100 1659.22 34832.51 2
1476366000 1578.77 35484.13 2
1476366900 1527.49 35736.54 2
1476367800 1729.61 35716.42 2
1476368700 1722.57 35719.44 2
1476369600 1569.72 35382.57 2
1476370500 1377.65 35540.45 2
1476371400 1435.98 35317.21 2
1476372300 1223.80 35127.15 2
1476373200 1298.21 35246.82 2
1476374100 1256.98 35513.30 2
1476375000 1469.16 35212.63 2
1476375900 1415.87 35104.02 2
1476376800 1523.46 34896.87 2
1476377700 1255.98 35167.37 2
1476378600 1934.75 32503.58 2
1476379500 1891.51 35541.45 2
1476380400 1357.54 35246.82 2
1476381300 1204.69 35049.72 2
1476382200 1579.78 35163.35 2
1476383100 1539.55 35248.83 2
1476384000 1407.82 35303.13 2
1476384900 1947.82 35439.89 2
1476385800 1875.42 34368.94 2
1476386700 1843.24 35171.40 2
1476387600 1691.40 35883.35 2
1476388500 1829.16 35439.89 2
1476389400 1866.37 35322.23 2
1476390300 1420.89 35573.63 2
1476391200 1226.82 36215.20 2
1476392100 2254.53 35793.85 2
1476393000 1275.08 36153.85 2
1476393900 1324.36 35664.13 2
1476394800 1561.68 35748.60 2
1476395700 1209.72 35707.37 2
1476396600 1254.97 35946.70 2
1476397500 1221.79 35901.45 2
1476398400 1173.52 35707.37 2
1476399300 1111.17 35745.59 2
1476400200 1162.46 36082.46 2
1476401100 1135.31 35687.26 2
1476402000 1294.19 36182.05 2
1476402900 1965.92 36208.16 2
1476403800 1610.95 36147.82 2
1476404700 1420.89 35978.88 2
1476405600 1220.78 36281.56 2
1476406500 1470.17 36082.46 2
1476407400 1217.77 36069.39 2
1476408300 1091.06 36387.15 2
1476409200 1219.78 36324.80 2
1476410100 1374.64 36267.49 2
1476411000 1318.33 36277.66 2
1476411900 2341.01 36379.11 2
1476412800 1771.84 36317.77 2
1476413700 1845.25 36140.78 2
1476414600 2860.89 35096.98 2
1476415500 1296.20 36153.85 2
1476416400 1039.78 35939.66 2
1476417300 1076.98 35905.47 2
1476418200 1196.65 35648.04 2
1476419100 1606.93 35875.31 2
1476420000 1224.80 36009.05 2
1476420900 1210.73 35802.91 2
1476421800 1575.75 36047.26 2
1476422700 2047.37 35642.01 2
1476423600 1966.93 35704.36 2
1476424500 1968.94 33240.67 2
1476425400 2141.90 35888.38 2
1476426300 2232.40 35582.68 2
1476427200 2358.10 34987.37 2
1476428100 4216.42 34573.07 2
1476429000 1830.17 35824.02 2
1476429900 1407.82 35954.75 2
1476430800 1261.01 35512.29 2
1476431700 1332.40 35864.25 2
1476432600 1491.28 35939.66 2
1476433500 1463.13 35810.95 2
1476434400 1568.72 34685.70 2
1476435300 1425.92 35286.03 2
1476436200 1570.73 35903.46 2
1476437100 5685.59 36717.99 2
1476438000 7051.17 37033.74 2
1476438900 5124.47 36697.88 2
1476439800 1348.49 34674.64 2
1476440700 1376.65 35860.22 2
1476441600 1412.85 35437.88 2
1476442500 1393.74 35419.78 2
1476443400 1482.23 35740.56 2
1476444300 1298.21 35642.01 2
1476445200 1340.45 35319.22 2
1476446100 1286.15 35021.56 2
1476447000 1668.27 35758.66 2
1476447900 1399.78 35635.98 2
1476448800 1718.55 35737.54 2
1476449700 1388.72 35220.67 2
1476450600 1478.21 35335.31 2
1476451500 1414.86 35735.53 2
1476452400 1337.46 35416.66 2
1476453300 1204.69 35587.71 2
1476454200 1260.00 35701.34 2
1476455100 1225.81 35346.37 2
1476456000 1179.55 36101.56 2
1476456900 1244.92 35700.34 2
1476457800 1055.87 35733.52 2
1476458700 1445.03 35782.79 2
1476459600 950.28 35789.83 2
1476460500 897.99 34800.34 2
1476461400 2253.52 35681.23 2
1476462300 1993.07 35424.84 2
1476463200 4084.69 35383.58 2
1476464100 2476.76 35066.82 2
1476465000 2511.96 35073.85 2
1476465900 1601.90 35551.51 2
1476466800 1264.02 35749.61 2
1476467700 1005.59 35158.32 2
1476468600 1256.98 35514.30 2
1476469500 986.48 35464.02 2
1476470400 8494.19 35425.81 2
1476471300 8412.74 35752.63 2
1476472200 9862.79 35749.61 2
1476473100 10010.61 35852.18 2
1476474000 9176.98 36049.27 2
1476474900 9136.76 36070.39 2
1476475800 9266.48 36091.51 2
1476476700 8895.42 36191.06 2
1476477600 9070.39 35663.13 2
1476478500 8719.44 36027.15 2
1476479400 9249.39 35977.88 2
1476480300 8217.65 35869.27 2
1476481200 9196.09 35634.97 2
1476482100 8647.04 35807.93 2
1476483000 8686.29 35938.78 2
1476483900 8737.54 35863.24 2
1476484800 8585.70 35637.99 2
1476485700 8482.12 35705.36 2
1476486600 8817.95 36142.63 2
1476487500 8456.98 35889.39 2
1476488400 10368.60 36142.79 2
1476489300 8544.47 36073.41 2
1476490200 6882.23 36303.69 2
1476491100 1032.74 36278.55 2
1476492000 1109.16 36265.47 2
1476492900 1042.79 36322.79 2
1476493800 1105.14 36401.23 2
1476494700 894.97 36511.84 2
1476495600 945.25 36301.68 2
1476496500 1015.64 36259.44 2
1476497400 1310.28 36342.91 2
1476498300 2148.94 36335.87 2
1476499200 1762.79 36265.47 2
1476500100 1687.37 36261.45 2
1476501000 1651.17 36178.99 2
1476501900 966.37 36168.94 2
1476502800 1072.96 36211.17 2
1476503700 2286.70 36176.98 2
1476504600 949.27 36040.22 2
1476505500 993.52 36050.28 2
1476506400 1069.94 36292.63 2
1476507300 1244.92 35935.64 2
1476508200 1314.30 35807.93 2
1476509100 1916.65 35859.22 2
1476510000 2027.26 35919.55 2
1476510900 2156.98 35772.74 2
1476511800 1997.09 35791.84 2
1476512700 1939.78 35718.44 2
1476513600 1944.80 35916.54 2
1476514500 2046.37 34783.24 2
1476515400 1682.35 35897.43 2
1476516300 1024.69 35691.28 2
1476517200 943.24 35698.32 2
1476518100 1063.91 35834.08 2
1476519000 1271.06 35898.44 2
1476519900 1357.54 35772.74 2
1476520800 1587.82 32736.87 2
1476521700 841.68 35568.60 2
1476522600 1536.54 35840.11 2
1476523500 1317.32 35622.91 2
1476524400 1789.94 35663.13 2
1476525300 1413.85 35474.08 2
1476526200 1563.69 35594.75 2
1476527100 1196.65 35906.48 2
1476528000 1457.09 35300.11 2
1476528900 1349.50 35658.10 2
1476529800 1513.41 35713.41 2
1476530700 1500.34 35610.84 2
1476531600 1683.35 35758.66 2
1476532500 1236.87 35732.51 2
1476533400 1553.63 35547.49 2
1476534300 1128.27 35739.55 2
1476535200 1481.23 35562.57 2
1476536100 1075.98 35557.54 2
1476537000 1361.56 35727.49 2
1476537900 1125.25 35756.65 2
1476538800 1025.70 35527.37 2
1476539700 1040.78 35580.67 2
1476540600 1031.73 35766.70 2
1476541500 2036.31 36043.24 2
1476542400 3300.34 36012.07 2
1476543300 1364.58 35800.89 2
1476544200 1284.13 35070.84 2
1476545100 1190.61 35677.21 2
1476546000 1264.02 35800.89 2
1476546900 1578.77 35781.79 2
1476547800 2015.20 35816.98 2
1476548700 2201.23 35682.23 2
1476549600 7547.93 35371.51 2
1476550500 1505.36 35230.73 2
1476551400 3676.42 35622.91 2
1476552300 5690.61 35480.11 2
1476553200 1858.32 35810.95 2
1476554100 1731.62 35583.69 2
1476555000 1930.73 35406.70 2
1476555900 1644.13 35632.96 2
1476556800 1705.47 35734.53 2
1476557700 1605.92 35630.95 2
1476558600 1684.36 35624.92 2
1476559500 1389.72 35675.20 2
1476560400 1672.29 35688.27 2
1476561300 1786.93 35309.16 2
1476562200 1469.16 35681.23 2
1476563100 1422.91 35636.98 2
1476564000 1400.78 35596.76 2
1476564900 1556.65 35737.54 2
1476565800 1416.87 35612.85 2
1476566700 1330.39 35749.61 2
1476567600 1453.07 35796.87 2
1476568500 1406.82 35571.62 2
1476569400 1399.78 35546.48 2
1476570300 1118.21 35870.28 2
1476571200 1118.21 35110.06 2
1476572100 1204.69 35956.76 2
1476573000 1585.81 36048.27 2
1476573900 2152.96 35670.17 2
1476574800 1037.77 36093.52 2
1476575700 1022.68 36023.13 2
1476576600 1056.87 35646.03 2
1476577500 1086.03 36083.46 2
1476578400 925.14 36280.56 2
1476579300 858.77 36218.21 2
1476580200 806.48 36070.39 2
1476581100 779.33 36511.84 2
1476582000 860.78 37697.43 2
1476582900 857.77 36557.09 2
1476583800 1075.98 36252.40 2
1476584700 2317.88 36318.77 2
1476585600 1527.49 36229.27 2
1476586500 1607.93 36278.55 2
1476587400 1715.53 36169.94 2
1476588300 749.16 36361.01 2
1476589200 850.73 36337.88 2
1476590100 984.47 36202.12 2
1476591000 807.49 36155.87 2
1476591900 1106.15 36206.15 2
1476592800 1248.94 36167.93 2
1476593700 1255.98 36131.73 2
1476594600 1403.80 36155.87 2
1476595500 1686.37 35986.93 2
1476596400 1887.49 36166.93 2
1476597300 2324.92 35700.34 2
1476598200 1977.99 35671.17 2
1476599100 1881.45 35951.73 2
1476600000 2176.09 35505.25 2
1476600900 1573.74 35610.84 2
1476601800 1940.78 35897.43 2
1476602700 1274.08 35757.65 2
1476603600 1194.64 35582.68 2
1476604500 1175.53 35595.75 2
1476605400 932.18 35537.43 2
1476606300 949.27 35721.45 2
1476607200 1063.91 35617.88 2
1476608100 1059.89 35737.54 2
1476609000 1398.77 35202.57 2
1476609900 1178.55 35449.94 2
1476610800 1340.45 33416.65 2
1476611700 1210.73 34844.58 2
1476612600 1352.51 35504.25 2
1476613500 1231.84 35612.85 2
1476614400 1459.11 35804.92 2
1476615300 15812.85 34925.03 2
1476616200 36803.46 35012.51 2
1476617100 33180.34 34856.65 2
1476618000 32869.61 34989.39 2
1476618900 37398.77 34773.18 2
1476619800 34844.58 34952.18 2
1476620700 33106.93 35110.06 2
1476621600 38447.60 35189.50 2
1476622500 32937.99 35203.58 2
1476623400 28590.84 34658.55 2
1476624300 37726.59 34522.79 2
1476625200 31041.45 37217.77 2
1476626100 19263.02 37377.65 2
1476627000 1367.60 35682.23 2
1476627900 1395.75 35569.61 2
1476628800 1663.24 35644.02 2
1476629700 1295.20 35599.78 2
1476630600 1582.79 35570.61 2
1476631500 1588.83 35536.42 2
1476632400 1531.51 35192.51 2
1476633300 1080.00 35497.21 2
1476634200 2861.90 35414.75 2
1476635100 3451.17 35394.64 2
1476636000 4903.24 35656.09 2
1476636900 4714.19 35622.91 2
1476637800 4686.03 35255.87 2
1476638700 5062.04 35468.50 2
1476639600 4840.89 35428.83 2
1476640500 4807.71 35272.96 2
1476641400 4731.28 35120.11 2
1476642300 2824.69 34899.89 2
1476643200 1563.69 35465.03 2
1476644100 2889.05 34925.03 2
1476645000 4378.32 35290.06 2
1476645900 4972.63 35244.80 2
1476646800 3146.48 35318.21 2
1476647700 1498.32 35412.74 2
1476648600 1451.06 35156.31 2
1476649500 1594.86 35778.77 2
1476650400 1430.95 35943.69 2
1476651300 1360.56 35743.58 2
1476652200 1507.37 35865.25 2
1476653100 1448.05 35916.70 2
1476654000 1421.90 36045.25 2
1476654900 1623.02 35852.18 2
1476655800 1279.11 36040.22 2
1476656700 1224.80 35908.49 2
1476657600 1645.14 35692.29 2
1476658500 2097.65 36156.87 2
1476659400 1330.39 36170.95 2
1476660300 1369.61 35890.39 2
1476661200 1360.56 36258.44 2
1476662100 1479.22 36023.13 2
1476663000 1772.85 36261.45 2
1476663900 1192.63 36303.69 2
1476664800 1446.03 35862.23 2
1476665700 1395.75 36348.94 2
1476666600 1462.12 36392.18 2
1476667500 1449.05 36337.88 2
1476668400 1415.87 36443.46 2
1476669300 1296.20 36052.29 2
1476670200 1693.41 36257.43 2
1476671100 2403.35 36406.26 2
1476672000 2494.86 36287.60 2
1476672900 2213.30 36184.02 2
1476673800 2055.42 36167.93 2
1476674700 1448.04 36180.00 2
1476675600 1516.42 36106.59 2
1476676500 1800.98 35959.17 2
1476677400 1916.65 36050.28 2
1476678300 1931.73 36140.78 2
1476679200 1677.32 35986.93 2
1476680100 1653.18 35443.91 2
1476681000 1778.87 35490.94 2
1476681900 2303.80 35515.31 2
1476682800 2501.90 36492.74 2
1476683700 2593.41 35606.82 2
1476684600 2521.01 35925.59 2
1476685500 2410.39 36118.66 2
1476686400 2321.90 35708.38 2
1476687300 2291.73 35810.95 2
1476688200 2230.39 35715.42 2
1476689100 1632.07 34893.85 2
1476690000 1523.46 35742.57 2
1476690900 1935.75 35611.84 2
1476691800 1695.42 32619.22 2
1476692700 1560.67 34264.36 2
1476693600 1435.98 34515.75 2
1476694500 1573.74 35519.33 2
1476695400 2003.13 35157.32 2
1476696300 1828.16 35552.51 2
1476697200 2241.45 34534.86 2
1476698100 1814.08 35470.06 2
1476699000 1825.14 35595.75 2
1476699900 1758.77 35662.12 2
1476700800 1653.18 34311.62 2
1476701700 1665.25 35447.93 2
1476702600 1884.47 35239.78 2
1476703500 1681.34 35591.73 2
1476704400 1744.69 34899.89 2
1476705300 1727.60 32583.02 2
1476706200 1815.08 33053.63 2
1476707100 1647.15 34045.14 2
1476708000 1925.70 34911.96 2
1476708900 1598.88 34210.06 2
1476709800 1602.91 35766.70 2
1476710700 1880.45 35738.55 2
1476711600 1727.60 35764.69 2
1476712500 1846.26 35262.91 2
1476713400 1863.35 35573.63 2
1476714300 2134.86 35763.69 2
1476715200 2146.93 35972.85 2
1476716100 1771.84 35381.56 2
1476717000 2134.86 35834.08 2
1476717900 2193.18 35573.63 2
1476718800 1993.07 35373.52 2
1476719700 1938.77 35566.59 2
1476720600 3204.80 36019.11 2
1476721500 3840.34 35905.47 2
1476722400 4050.50 35491.17 2
1476723300 3918.77 35384.58 2
1476724200 3981.12 34905.92 2
1476725100 3382.79 35322.23 2
1476726000 4178.21 35552.51 2
1476726900 2471.73 35308.16 2
1476727800 1553.63 35576.65 2
1476728700 2184.13 35350.39 2
1476729600 1580.78 35381.56 2
1476730500 1573.74 35210.61 2
1476731400 1524.47 35608.83 2
1476732300 1477.21 35523.35 2
1476733200 1650.17 35452.96 2
1476734100 1943.80 35416.76 2
1476735000 1593.85 35560.56 2
1476735900 1676.31 35741.56 2
1476736800 1549.61 35537.43 2
1476737700 1927.71 35729.50 2
1476738600 1674.30 35755.64 2
1476739500 1743.69 35861.23 2
1476740400 1768.83 36017.09 2
1476741300 1701.45 35804.92 2
1476742200 1784.92 36149.83 2
1476743100 1552.63 35891.40 2
1476744000 1490.28 35694.30 2
1476744900 1453.07 36131.73 2
1476745800 1400.78 36154.86 2
1476746700 1291.17 35907.49 2
1476747600 1280.11 36333.85 2
1476748500 1520.45 36057.32 2
1476749400 1677.32 36277.54 2
1476750300 1309.27 36209.16 2
1476751200 1402.81 36049.76 2
1476752100 1909.61 35926.59 2
1476753000 1310.28 36243.35 2
1476753900 1105.14 36289.61 2
1476754800 1171.51 36241.38 2
1476755700 1164.49 36151.52 2
1476756600 1564.69 36227.26 2
1476757500 2336.98 36311.73 2
1476758400 1938.77 36213.18 2
1476759300 2027.26 36465.59 2
1476760200 2030.28 34153.74 2
1476761100 1326.37 36056.31 2
1476762000 1313.30 35936.65 2
1476762900 1528.49 35764.69 2
1476763800 1408.83 35665.14 2
1476764700 1491.28 35937.65 2
1476765600 1418.88 35623.91 2
1476766500 1536.54 36004.02 2
1476767400 1691.40 35975.87 2
1476768300 2379.22 35899.44 2
1476769200 2252.58 35998.07 2
1476770100 2701.01 35339.33 2
1476771000 2447.60 33939.55 2
1476771900 2447.60 35571.62 2
1476772800 2479.78 35636.98 2
1476773700 2152.96 35141.23 2
1476774600 2021.23 35764.69 2
1476775500 1564.69 33934.53 2
1476776400 1383.69 35634.97 2
1476777300 1614.97 35038.66 2
1476778200 1457.09 35776.76 2
1476779100 1319.33 35012.51 2
1476780000 1478.21 34614.30 2
1476780900 1460.11 35714.41 2
1476781800 2984.58 35898.44 2
1476782700 1612.96 35576.73 2
1476783600 1920.67 33144.13 2
1476784500 1919.66 34605.25 2
1476785400 1681.34 35370.50 2
1476786300 1669.27 35904.47 2
1476787200 1635.12 35579.41 2
1476788100 1652.18 37420.89 2
1476789000 1540.56 36181.01 2
1476789900 1726.59 36986.48 2
1476790800 1622.01 35752.63 2
1476791700 1620.00 35769.72 2
1476792600 2145.92 35510.28 2
1476793500 1785.92 34933.07 2
1476794400 2089.61 34402.12 2
1476795300 1724.58 34713.85 2
1476796200 2222.35 35208.60 2
1476797100 1852.29 35730.50 2
1476798000 1770.84 36067.37 2
1476798900 2002.12 35032.63 2
1476799800 2389.27 35925.59 2
1476800700 2646.70 35715.42 2
1476801600 2217.32 35994.97 2
1476802500 1693.41 35588.72 2
1476803400 2092.63 35551.51 2
1476804300 1739.66 35815.98 2
1476805200 1735.64 36018.10 2
1476806100 2561.23 35497.21 2
1476807000 2325.92 35400.67 2
1476807900 2487.82 35659.11 2
1476808800 2591.40 35578.66 2
1476809700 2293.74 35474.08 2
1476810600 3249.05 35312.18 2
1476811500 3713.63 35769.72 2
1476812400 2820.67 35810.95 2
1476813300 2463.69 35154.30 2
1476814200 3060.00 35419.78 2
1476815100 3091.17 35142.23 2
1476816000 2518.99 35677.21 2
1476816900 2354.08 35553.52 2
1476817800 1834.19 35368.49 2
1476818700 2087.60 35656.09 2
1476819600 2657.77 35495.20 2
1476820500 2227.37 35183.46 2
1476821400 2124.80 35536.42 2
1476822300 2447.56 36039.74 2
1476823200 2421.45 35889.39 2
1476824100 2238.44 35329.27 2
1476825000 2615.53 35884.36 2
1476825900 2223.35 36093.52 2
1476826800 2387.23 36065.93 2
1476827700 2280.67 35969.83 2
1476828600 2223.35 36257.43 2
1476829500 2078.55 36151.84 2
1476830400 2274.64 35456.98 2
1476831300 2004.13 36194.08 2
1476832200 2721.12 36329.83 2
1476833100 2317.88 35895.42 2
1476834000 2266.59 36173.97 2
1476834900 2458.66 36282.57 2
1476835800 2417.43 36357.99 2
1476836700 1968.94 36380.11 2
1476837600 2040.34 36426.37 2
1476838500 1972.96 36427.37 2
1476839400 1873.41 36407.26 2
1476840300 1998.10 36481.68 2
1476841200 2314.91 36426.14 2
1476842100 2155.98 36183.02 2
1476843000 2395.31 36267.49 2
1476843900 3564.80 35895.42 2
1476844800 2617.54 36218.21 2
1476845700 2630.65 36261.94 2
1476846600 2537.09 36053.30 2
1476847500 1855.31 36259.44 2
1476848400 1919.66 36114.64 2
1476849300 1872.40 35867.26 2
1476850200 1677.32 36128.72 2
1476851100 1688.38 36124.69 2
1476852000 1864.36 35919.55 2
1476852900 1833.18 35971.84 2
1476853800 2063.46 36172.96 2
1476854700 2738.21 35766.70 2
1476855600 2542.12 36068.38 2
1476856500 2701.01 38162.01 2
1476857400 2846.82 38439.55 2
1476858300 2467.71 38387.26 2
1476859200 2477.77 38168.04 2
1476860100 2558.21 37877.43 2
1476861000 2332.96 37779.89 2
1476861900 1975.98 35988.94 2
1476862800 1856.31 35748.60 2
1476863700 1718.55 36039.22 2
1476864600 1684.36 36137.77 2
1476865500 1734.64 36842.68 2
1476866400 1767.82 36833.63 2
1476867300 1589.83 37274.08 2
1476868200 1564.69 37858.32 2
1476869100 1553.63 35760.67 2
1476870000 1888.49 34884.80 2
1476870900 1670.28 35121.12 2
1476871800 1546.59 35672.18 2
1476872700 1954.86 35831.06 2
1476873600 1901.56 35139.22 2
1476874500 1750.73 37477.21 2
1476875400 1614.97 30821.23 2
1476876300 1495.31 30041.90 2
1476877200 1653.18 36378.10 2
1476878100 1612.96 36670.73 2
1476879000 1598.87 38225.98 2
1476879900 1373.63 39160.56 2
1476880800 1507.37 38891.06 2
1476881700 1438.99 36676.76 2
1476882600 1649.16 35987.93 2
1476883500 1727.60 35850.17 2
1476884400 1765.81 35654.08 2
1476885300 1590.84 35739.55 2
1476886200 1695.42 35761.68 2
1476887100 1500.34 35906.48 2
1476888000 1617.99 35766.70 2
1476888900 3677.44 35251.96 2
1476889800 1588.83 35324.25 2
1476890700 1768.83 35138.21 2
1476891600 8117.09 37820.11 2
1476892500 4437.65 37544.58 2
1476893400 2171.06 35875.31 2
1476894300 2229.39 35370.50 2
1476895200 4619.66 35575.64 2
1476896100 2596.42 35184.47 2
1476897000 2097.65 35612.85 2
1476897900 2238.44 35173.41 2
1476898800 2088.60 35891.40 2
1476899700 2091.62 35678.21 2
1476900600 1930.73 34882.79 2
1476901500 2278.66 35596.76 2
1476902400 1890.50 35535.42 2
1476903300 1929.72 35296.09 2
1476904200 2009.16 35669.16 2
1476905100 1903.58 35579.66 2
1476906000 2096.65 35856.20 2
1476906900 1802.01 35019.55 2
1476907800 1563.69 35707.37 2
1476908700 2042.32 35378.11 2
1476909600 1907.60 35510.28 2
1476910500 1630.06 35346.37 2
1476911400 1788.94 36056.31 2
1476912300 1694.41 33532.29 2
1476913200 1681.34 36050.28 2
1476914100 1981.03 35928.00 2
1476915000 1949.83 36099.55 2
1476915900 2044.36 36178.99 2
1476916800 1933.74 35574.64 2
1476917700 1873.41 35841.12 2
1476918600 1731.62 36127.67 2
1476919500 2027.26 36014.08 2
1476920400 2353.07 36444.47 2
1476921300 1939.78 35885.36 2
1476922200 2020.22 36306.70 2
1476923100 2365.14 36368.04 2
1476924000 2018.21 36429.39 2
1476924900 1996.09 36082.46 2
1476925800 1987.04 36419.33 2
1476926700 2705.03 36473.63 2
1476927600 2537.09 36570.17 2
1476928500 2851.84 36640.56 2
1476929400 2819.66 36218.21 2
1476930300 3225.01 36410.37 2
1476931200 3220.89 36393.18 2
1476932100 2949.39 36091.51 2
1476933000 3359.66 36381.12 2
1476933900 2862.91 36320.78 2
1476934800 2388.27 36208.16 2
1476935700 2219.33 36069.39 2
1476936600 2371.17 35833.07 2
1476937500 2207.26 36010.06 2
1476938400 2666.82 36000.00 2
1476939300 2344.02 34249.27 2
1476940200 2437.54 35331.28 2
1476941100 3054.97 35631.96 2
1476942000 3165.59 34940.11 2
1476942900 3522.57 36907.04 2
1476943800 3394.86 39051.96 2
1476944700 3092.18 37575.75 2
1476945600 2902.12 38005.14 2
1476946500 3035.87 37895.57 2
1476947400 2108.72 50531.73 2
1476948300 2194.19 48989.16 2
1476949200 2148.94 38693.97 2
1476950100 2151.96 36458.55 2
1476951000 2589.39 37670.28 2
1476951900 2890.06 36764.25 2
1476952800 2656.76 33408.60 2
1476953700 2759.33 36325.81 2
1476954600 2411.40 36975.42 2
1476955500 2109.72 35862.23 2
1476956400 2033.30 33856.09 2
1476957300 1907.60 32758.99 2
1476958200 1915.64 33947.60 2
1476959100 2042.35 33563.46 2
1476960000 2651.73 32608.16 2
1476960900 2812.63 33984.80 2
1476961800 2547.15 31455.75 2
1476962700 2606.48 41814.30 2
1476963600 1898.55 49471.84 2
1476964500 1815.08 50015.87 2
1476965400 1755.75 47650.73 2
1476966300 2029.27 48519.55 2
1476967200 1646.15 45097.54 2
1476968100 1806.03 45336.87 2
1476969000 2560.22 46681.34 2
1476969900 2101.68 44531.40 2
1476970800 6130.06 45211.17 2
1476971700 9417.32 48832.29 2
1476972600 7746.03 59304.47 2
1476973500 6175.31 61359.89 2
1476974400 1798.99 56492.85 2
1476975300 1710.50 56134.86 2
1476976200 1585.81 56275.64 2
1476977100 1733.63 56355.08 2
1476978000 1942.79 56927.26 2
1476978900 2047.37 55998.10 2
1476979800 2201.23 56163.02 2
1476980700 2470.73 56739.22 2
1476981600 2496.87 55567.71 2
1476982500 2493.85 54843.69 2
1476983400 2473.74 55618.99 2
1476984300 2446.59 56586.37 2
1476985200 2734.19 55057.88 2
1476986100 2458.66 54339.89 2
1476987000 2056.42 54389.16 2
1476987900 1910.61 54472.63 2
1476988800 1772.85 56081.56 2
1476989700 1770.84 55685.36 2
1476990600 1883.46 55957.88 2
1476991500 1948.83 56300.78 2
1476992400 2254.53 55835.20 2
1476993300 2010.17 55386.70 2
1476994200 1868.38 55383.69 2
1476995100 2032.29 56875.98 2
1476996000 1805.03 56847.82 2
1476996900 1945.81 56385.25 2
1476997800 1688.38 59735.87 2
1476998700 1829.16 58558.32 2
1476999600 1659.22 57008.72 2
1477000500 1698.44 56429.50 2
1477001400 1600.89 58136.98 2
1477002300 1601.90 57473.30 2
1477003200 1647.15 56337.99 2
1477004100 1457.09 58273.74 2
1477005000 1654.19 58173.18 2
1477005900 1647.15 56153.97 2
1477006800 1697.43 58087.71 2
1477007700 1707.49 58231.51 2
1477008600 1875.42 57663.35 2
1477009500 1487.26 58732.29 2
1477010400 1400.78 58301.90 2
1477011300 1566.70 58370.28 2
1477012200 2028.27 58191.28 2
1477013100 2156.96 58443.10 2
1477014000 2069.50 58085.70 2
1477014900 2075.53 58196.31 2
1477015800 2182.12 57926.82 2
1477016700 2896.09 58155.08 2
1477017600 2745.25 58412.51 2
1477018500 2631.62 58497.99 2
1477019400 2758.32 57486.37 2
1477020300 1969.94 58413.52 2
1477021200 1754.75 58725.25 2
1477022100 2051.40 58201.34 2
1477023000 1717.54 57517.54 2
1477023900 1879.44 57835.31 2
1477024800 1925.70 58456.76 2
1477025700 1832.18 55192.63 2
1477026600 2049.39 55488.27 2
1477027500 2583.35 49470.84 2
1477028400 2616.54 57616.09 2
1477029300 2881.01 57569.83 2
1477030200 2988.60 55673.30 2
1477031100 2852.85 53479.11 2
1477032000 3023.80 55138.32 2
1477032900 2642.68 45769.27 2
1477033800 2605.47 39538.66 2
1477034700 1987.04 41947.04 2
1477035600 1977.99 39829.27 2
1477036500 1797.99 39268.16 2
1477037400 2405.36 38545.14 2
1477038300 1689.39 36577.21 2
1477039200 1732.63 33138.10 2
1477040100 1616.98 33498.10 2
1477041000 1981.01 39862.46 2
1477041900 1966.93 36575.20 2
1477042800 1907.60 33498.10 2
1477043700 1886.48 33144.13 2
1477044600 1711.51 48387.82 2
1477045500 2098.66 50132.51 2
1477046400 1594.86 49488.94 2
1477047300 1915.64 52582.12 2
1477048200 1804.02 52456.42 2
1477049100 1948.83 52871.73 2
1477050000 1768.83 51470.95 2
1477050900 1991.06 51412.63 2
1477051800 2203.24 51248.72 2
1477052700 1898.55 49177.21 2
1477053600 1839.22 52597.21 2
1477054500 1551.62 52773.18 2
1477055400 2102.67 54049.92 2
1477056300 1574.75 52016.98 2
1477057200 2232.40 34346.82 2
1477058100 1528.49 35743.58 2
1477059000 2133.85 36260.45 2
1477059900 1840.22 36024.13 2
1477060800 1793.97 35721.45 2
1477061700 1763.80 35661.12 2
1477062600 1860.34 35784.80 2
1477063500 1352.51 35856.20 2
1477064400 1743.69 36054.30 2
1477065300 1590.84 35369.50 2
1477066200 1769.83 35365.47 2
1477067100 1905.59 35612.85 2
1477068000 2168.04 35865.25 2
1477068900 1920.67 35379.55 2
1477069800 1568.72 35776.76 2
1477070700 1629.05 35367.49 2
1477071600 1759.78 35914.53 2
1477072500 1607.93 35635.98 2
1477073400 1592.85 35384.58 2
1477074300 1628.04 35783.80 2
1477075200 1654.19 35507.26 2
1477076100 1472.18 36802.46 2
1477077000 1686.37 35751.62 2
1477077900 1465.14 35587.71 2
1477078800 2402.35 35732.51 2
1477079700 3815.20 35709.39 2
1477080600 1791.96 35756.65 2
1477081500 1507.37 35115.08 2
1477082400 2062.46 36040.22 2
1477083300 10553.63 36219.22 2
1477084200 11396.31 36294.64 2
1477085100 11646.70 36142.79 2
1477086000 11252.51 35857.21 2
1477086900 6320.11 36051.28 2
1477087800 2284.69 36057.32 2
1477088700 2495.87 35897.43 2
1477089600 2452.63 35637.99 2
1477090500 2112.74 35939.66 2
1477091400 1748.72 36124.69 2
1477092300 1674.30 35932.63 2
1477093200 1511.40 36203.13 2
1477094100 1644.13 36258.44 2
1477095000 2235.42 36232.29 2
1477095900 1578.77 36224.25 2
1477096800 2415.42 36420.34 2
1477097700 2166.03 36269.50 2
1477098600 2175.08 36185.03 2
1477099500 1966.93 36131.73 2
1477100400 1605.92 36262.46 2
1477101300 1827.15 36104.58 2
1477102200 2150.95 36187.04 2
1477103100 2647.71 36345.92 2
1477104000 2132.85 36360.00 2
1477104900 2393.30 36223.24 2
1477105800 2376.24 36279.16 2
1477106700 1792.96 36243.35 2
1477107600 2316.87 36221.23 2
1477108500 1890.50 36411.28 2
1477109400 2030.28 36135.75 2
1477110300 1626.03 36245.36 2
1477111200 1945.81 36262.46 2
1477112100 1670.28 35883.35 2
1477113000 1939.81 35898.03 2
1477113900 2679.89 36201.12 2
1477114800 2594.41 36204.13 2
1477115700 2389.27 36024.13 2
1477116600 2541.12 36082.46 2
1477117500 2503.91 36046.26 2
1477118400 2583.35 35828.04 2
1477119300 2349.05 36046.26 2
1477120200 2207.26 36027.15 2
1477121100 1953.85 35976.87 2
1477122000 1744.69 36144.80 2
1477122900 1627.04 35669.16 2
1477123800 1632.07 36174.97 2
1477124700 1609.94 36101.56 2
1477125600 1702.46 36085.47 2
1477126500 1866.37 32313.52 2
1477127400 1696.42 35726.48 2
1477128300 1631.06 35917.54 2
1477129200 1568.72 35769.72 2
1477130100 1890.50 36023.13 2
1477131000 1680.34 36103.58 2
1477131900 1611.96 35676.20 2
1477132800 1494.30 36659.66 2
1477133700 1563.69 36919.11 2
1477134600 1404.80 36209.16 2
1477135500 1753.74 36129.72 2
1477136400 1418.88 36050.28 2
1477137300 1508.38 35476.09 2
1477138200 1466.15 36213.18 2
1477139100 1688.38 36728.04 2
1477140000 2006.15 36810.50 2
1477140900 1334.41 35744.58 2
1477141800 1393.74 36212.18 2
1477142700 1244.92 36338.88 2
1477143600 2386.26 36205.14 2
1477144500 2292.74 35243.80 2
1477145400 1527.49 35970.84 2
1477146300 2027.26 36473.63 2
1477147200 8181.45 39546.70 2
1477148100 5326.59 39595.98 2
1477149000 1278.10 36858.77 2
1477149900 3031.84 37198.66 2
1477150800 9333.85 47058.44 2
1477151700 6128.04 48116.31 2
1477152600 3782.01 47889.05 2
1477153500 1436.98 36534.97 2
1477154400 1638.10 36008.04 2
1477155300 1552.63 36528.94 2
1477156200 10604.92 45503.80 2
1477157100 3461.23 40910.28 2
1477158000 1805.03 36593.30 2
1477158900 1677.32 36527.93 2
1477159800 2541.12 36800.45 2
1477160700 2920.22 36287.60 2
1477161600 3597.99 36101.56 2
1477162500 3358.66 35237.77 2
1477163400 3282.23 34765.14 2
1477164300 2392.29 35533.41 2
1477165200 2108.72 35010.50 2
1477166100 3366.70 34532.85 2
1477167000 1661.23 35717.43 2
1477167900 1702.46 35196.54 2
1477168800 1639.11 35752.63 2
1477169700 1708.49 35685.25 2
1477170600 1726.59 35856.20 2
1477171500 1752.74 35790.84 2
1477172400 1798.99 35588.72 2
1477173300 1663.24 35096.98 2
1477174200 1744.69 35640.00 2
1477175100 1705.47 35909.50 2
1477176000 2189.16 35426.82 2
1477176900 1618.99 36044.25 2
1477177800 1762.79 35865.25 2
1477178700 1567.71 35756.65 2
1477179600 4249.61 36093.52 2
1477180500 1595.87 35843.13 2
1477181400 1735.64 36214.19 2
1477182300 1514.41 36160.89 2
1477183200 1512.40 36192.07 2
1477184100 1552.63 36087.49 2
1477185000 1379.66 36514.86 2
1477185900 1289.16 36368.04 2
1477186800 1292.18 36426.37 2
1477187700 1611.96 36341.90 2
1477188600 1761.79 36258.44 2
1477189500 2396.31 36185.03 2
1477190400 2069.50 36542.01 2
1477191300 2366.15 36258.44 2
1477192200 2278.66 36321.79 2
1477193100 1500.34 36374.08 2
1477194000 1407.82 36363.02 2
1477194900 1401.79 35781.79 2
1477195800 2110.73 35994.97 2
1477196700 1483.24 36112.63 2
1477197600 3265.14 35410.73 2
1477198500 3088.16 36008.04 2
1477199400 1908.60 35841.12 2
1477200300 2325.92 35979.89 2
1477201200 2492.85 35778.77 2
1477202100 2329.94 35732.51 2
1477203000 2618.55 35799.89 2
1477203900 2320.89 35884.36 2
1477204800 2405.36 35837.09 2
1477205700 1904.58 35794.86 2
1477206600 1970.95 35866.26 2
1477207500 1400.78 35815.98 2
1477208400 1716.54 35836.09 2
1477209300 1364.58 35419.78 2
1477210200 1792.96 35632.96 2
1477211100 1622.01 31980.67 2
1477212000 1796.98 34774.19 2
1477212900 1588.83 35294.08 2
1477213800 1633.07 35269.94 2
1477214700 1555.64 35414.75 2
1477215600 1529.50 35345.36 2
1477216500 2908.16 31507.04 2
1477217400 2587.37 34819.44 2
1477218300 1224.81 35530.43 2
1477219200 1279.11 35000.45 2
1477220100 1131.28 35257.88 2
1477221000 1302.23 35378.55 2
1477221900 1130.28 35266.93 2
1477222800 1004.56 35188.67 2
1477223700 1037.77 35198.63 2
1477224600 1369.61 35292.07 2
1477225500 1141.34 35029.61 2
1477226400 1510.39 34398.10 2
1477227300 1114.19 35206.59 2
1477228200 1121.23 35323.24 2
1477229100 1152.40 35505.25 2
1477230000 1271.06 35283.02 2
1477230900 1313.30 35036.65 2
1477231800 1372.63 35456.98 2
1477232700 1318.32 35280.00 2
1477233600 1329.39 35222.68 2
1477234500 3118.32 35173.41 2
1477235400 3742.79 35195.53 2
1477236300 1508.38 34644.47 2
1477237200 1584.80 35495.20 2
1477238100 1466.17 35126.73 2
1477239000 2913.18 35395.64 2
1477239900 4347.15 34637.43 2
1477240800 4495.98 35357.43 2
1477241700 3886.59 34928.04 2
1477242600 4395.42 35300.11 2
1477243500 3868.49 35098.99 2
1477244400 4483.91 35114.08 2
1477245300 3397.88 35256.87 2
1477246200 3945.92 35177.43 2
1477247100 4378.32 35204.58 2
1477248000 4657.88 35608.83 2
1477248900 4566.37 35212.63 2
1477249800 3657.32 34685.70 2
1477250700 3987.15 35381.56 2
1477251600 4087.71 35218.66 2
1477252500 3588.94 35139.22 2
1477253400 6612.74 35374.53 2
1477254300 5191.84 35230.73 2
1477255200 3266.15 35147.26 2
1477256100 2494.86 35615.87 2
1477257000 2973.52 35523.35 2
1477257900 2781.45 35589.72 2
1477258800 3543.69 35748.60 2
1477259700 3899.66 35679.22 2
1477260600 3946.93 35954.75 2
1477261500 3583.91 35654.08 2
1477262400 3211.84 35418.77 2
1477263300 3876.54 35946.70 2
1477264200 3510.50 35856.20 2
1477265100 3027.82 35846.15 2
1477266000 2886.03 36070.39 2
1477266900 2567.26 35734.53 2
1477267800 2761.34 36236.31 2
1477268700 2245.47 36164.92 2
1477269600 2390.34 36051.21 2
1477270500 1636.09 36173.97 2
1477271400 2972.51 36333.85 2
1477272300 2658.77 36291.62 2
1477273200 1822.12 35601.79 2
1477274100 1397.77 36192.07 2
1477275000 1399.78 36155.87 2
1477275900 2595.42 36233.30 2
1477276800 2102.68 36264.47 2
1477277700 2402.35 36021.12 2
1477278600 2336.98 35920.56 2
1477279500 1460.11 36150.84 2
1477280400 1543.58 36185.03 2
1477281300 1869.39 35893.41 2
1477282200 1503.35 35471.06 2
1477283100 1608.94 35657.09 2
1477284000 1252.96 35682.23 2
1477284900 1296.20 35757.65 2
1477285800 1466.15 35836.09 2
1477286700 2146.93 35905.47 2
1477287600 2163.02 35698.32 2
1477288500 2228.38 35440.89 2
1477289400 2235.42 35751.62 2
1477290300 5305.47 35691.28 2
1477291200 2606.48 37759.78 2
1477292100 2526.03 37669.27 2
1477293000 2625.59 38473.74 2
1477293900 2209.33 38877.02 2
1477294800 2264.58 30840.34 2
1477295700 2140.89 31196.31 2
1477296600 2189.16 37273.07 2
1477297500 2120.78 36616.42 2
1477298400 2412.40 35663.13 2
1477299300 2056.42 36837.65 2
1477300200 1717.54 37104.13 2
1477301100 1529.50 37808.04 2
1477302000 1778.88 37244.92 2
1477302900 1818.10 35563.58 2
1477303800 1855.31 33759.55 2
1477304700 1824.13 35347.37 2
1477305600 1551.62 38253.52 2
1477306500 1263.02 36953.30 2
1477307400 1384.69 37322.35 2
1477308300 1279.11 37922.68 2
1477309200 1545.59 37167.53 2
1477310100 1719.55 37637.09 2
1477311000 1555.64 37349.50 2
1477311900 1934.75 35440.89 2
1477312800 2122.79 35611.84 2
1477313700 2080.56 35663.13 2
1477314600 3491.40 35181.45 2
1477315500 3708.60 35673.18 2
1477316400 3515.53 35482.12 2
1477317300 3575.87 35503.24 2
1477318200 3492.40 35602.79 2
1477319100 3524.58 35445.92 2
1477320000 3426.03 35479.11 2
1477320900 3409.94 35300.11 2
1477321800 2965.47 35284.02 2
1477322700 2870.95 35476.09 2
1477323600 3070.06 35643.02 2
1477324500 3401.90 35431.84 2
1477325400 4055.53 35208.60 2
1477326300 4255.64 35464.02 2
1477327200 3168.60 35575.64 2
1477328100 3292.29 35299.11 2
1477329000 2885.03 34896.87 2
1477329900 2910.17 34922.01 2
1477330800 2925.25 34862.68 2
1477331700 3174.64 35379.55 2
1477332600 3424.02 35022.57 2
1477333500 3036.87 35143.24 2
1477334400 2878.99 35398.66 2
1477335300 3168.60 34457.43 2
1477336200 3011.73 34808.38 2
1477337100 3051.96 35547.49 2
1477338000 2978.55 35055.75 2
1477338900 3156.54 35034.64 2
1477339800 2884.02 34928.04 2
1477340700 3058.99 35572.63 2
1477341600 3350.61 35467.04 2
1477342500 2988.60 35346.37 2
1477343400 3257.09 35543.46 2
1477344300 3270.17 35300.11 2
1477345200 3801.12 35572.63 2
1477346100 3443.13 35353.41 2
1477347000 3647.26 35938.66 2
1477347900 4387.37 35690.28 2
1477348800 5065.14 35499.22 2
1477349700 4556.31 36009.05 2
1477350600 4586.48 36071.40 2
1477351500 4620.67 35508.27 2
1477352400 4696.09 36124.69 2
1477353300 3792.07 35963.80 2
1477354200 4174.19 36088.49 2
1477355100 3814.19 36173.97 2
1477356000 4306.93 36042.23 2
1477356900 4169.16 36089.50 2
1477357800 4475.87 36212.18 2
1477358700 5053.07 36071.40 2
1477359600 4043.46 36371.06 2
1477360500 3409.94 36109.61 2
1477361400 3308.38 36280.56 2
1477362300 4844.92 36210.17 2
1477363200 4280.78 36079.44 2
1477364100 4419.55 36233.30 2
1477365000 3954.97 36300.67 2
1477365900 3123.35 36124.69 2
1477366800 3146.48 36180.00 2
1477367700 3203.80 35486.15 2
1477368600 3027.82 35953.74 2
1477369500 3223.91 35664.13 2
1477370400 3907.71 36502.79 2
1477371300 4025.36 36227.26 2
1477372200 3494.41 34105.47 2
1477373100 4208.38 33695.20 2
1477374000 4400.40 37396.34 2
1477374900 4195.31 37194.64 2
1477375800 3972.07 37066.93 2
1477376700 5159.64 19656.11 2
1477377600 4408.49 230.28 2
1477378500 3788.04 239.33 2
1477379400 4458.77 256.42 2
1477380300 4166.15 313.74 2
1477381200 3811.17 454.53 2
1477382100 3556.76 312.74 2
1477383000 3574.86 253.41 2
1477383900 17893.41 1174.53 2
1477384800 13482.91 1092.07 2
1477385700 12981.12 941.23 2
1484846760 15221.56 856.76 1
1484847660 15859.11 965.36 1
1484848560 15765.59 866.82 1
1484849460 15824.92 691.84 1
1484850360 16287.49 675.75 1
1484851260 15858.10 653.63 1
1484852160 15596.65 658.66 1
1484853060 14781.12 649.61 1
1484853960 15039.55 784.36 1
1484854860 15454.46 688.81 1
1484855760 15290.95 795.42 1
1484856660 15245.70 752.18 1
1484857560 14757.99 757.21 1
1484858460 14695.64 678.77 1
1484859360 13949.50 656.65 1
1484860260 14217.99 688.83 1
1484861160 14224.02 612.40 1
1484862060 13711.17 534.97 1
1484862960 13865.03 555.08 1
1484863860 14652.40 517.88 1
1484864760 16195.98 531.96 1
1484865660 21761.90 1044.80 1
1484866560 31189.27 1384.69 1
1484867460 30446.15 1515.42 1
1484868360 23666.48 1069.94 1
1484869260 22832.85 1055.87 1
1484870160 22683.02 1091.06 1
1484871060 22848.94 1122.23 1
1484871960 21824.25 1100.11 1
1484872860 11562.23 909.05 1
1484873760 11383.24 724.02 1
1484874660 11602.46 441.45 1
1484875560 11478.77 575.20 1
1484876460 11749.27 462.57 1
1484877360 11581.34 506.82 1
1484878260 11738.21 599.33 1
1484879160 11677.88 643.58 1
1484916960 14554.86 536.98 1
1484917860 15333.18 555.08 1
1484918760 14864.58 561.12 1
1484919660 14285.36 635.53 1
1484920560 14089.27 573.18 1
1484921460 14348.72 659.66 1
1484922360 13902.23 536.98 1
1484923260 13898.21 578.21 1
1484924160 13850.95 603.35 1
1484925060 13979.66 605.36 1
1484925960 14206.93 591.28 1
1484926860 13882.12 566.15 1
1484927760 13333.07 522.91 1
1484928660 13878.10 466.59 1
1484929560 14073.18 540.00 1
1484930460 14903.80 489.72 1
1484931360 13534.19 426.37 1
1484932260 15595.64 433.41 1
1484933160 14369.83 297.65 1
1484934060 14691.62 314.75 1
1484934960 14729.83 311.73 1
1484935860 14838.44 276.54 1
1484936760 14284.36 334.86 1
1484937660 15304.02 350.95 1
1484938560 14763.02 339.89 1
1484939460 15450.84 331.84 1
1484940360 14830.39 323.80 1
1484941260 14809.27 314.75 1
1484942160 14745.92 341.90 1
1484943060 14981.23 362.01 1
1484943960 13973.63 326.82 1
1484944860 13836.87 343.91 1
1484945760 8923.58 316.76 1
1484946660 2398.32 289.61 1
1484947560 2354.08 292.63 1
1484948460 1908.60 302.68 1
1484949360 2077.54 319.78 1
1484950260 1908.61 287.60 1
1484951160 2129.83 258.44 1
1483888800 25913.97 297.65 1
1483889700 27414.30 277.54 1
1483890600 27815.53 350.95 1
1483891500 28305.25 244.36 1
1483892400 27606.37 257.43 1
1483893300 27205.84 310.72 1
1483894200 27850.73 365.03 1
1483895100 27733.07 332.85 1
1483896000 26437.88 356.98 1
1483896900 27546.03 358.99 1
1483897800 27223.76 345.92 1
1483898700 27299.45 370.08 1
1483899600 26161.34 349.94 1
1483900500 27071.40 292.63 1
1483901400 24896.31 2684.92 1
1483902300 8900.45 4148.04 1
1483903200 1893.52 314.75 1
1483904100 2016.20 304.69 1
1483905000 1797.99 331.84 1
1483905900 1627.04 364.02 1
1483906800 1627.04 379.11 1
1483907700 1361.57 344.92 1
1483908600 1712.51 270.50 1